10000
38931
991
36756
37260
7327
17386
30813
16653
19775
28545
11713
739
9232
32824
35975
19228
6781
20917
6309
9661
30573
27002
35486
185
25832
24251
20265
16686
14687
90
6744
10906
19544
2910
10126
32732
27345
19356
39109
18059
21734
38733
14353
23513
7490
39893
1692
23826
21915
29865
28394
37962
7073
22322
26816
24810
34472
3234
19958
18246
34742
29555
14201
35596
17968
39071
13200
26723
4359
15354
1910
37762
29312
19677
8745
2602
17902
9458
21669
23048
28013
10281
17448
8099
13110
30324
18928
27582
2054
14501
257
17377
5146
17159
34042
8813
23873
5876
24710
35310
37346
37342
9389
11660
27719
5755
901
32058
20330
26715
29095
9316
22925
2849
36744
7989
18819
34720
10790
24291
5520
28635
25326
9014
97
39146
12515
25079
9713
7293
18494
22593
13984
5190
27018
16685
33665
22381
19403
755
3174
2355
7789
23760
38131
1172
23358
2851
2378
20822
2067
26777
23967
36389
9858
9628
14863
31091
3932
25504
38301
4656
27125
39833
6333
22163
6534
12566
38411
31082
24397
29079
35292
18006
4102
39072
21838
27173
3379
39564
16749
6652
14172
10914
11641
29442
17338
542
21853
27011
13072
17602
10261
23149
38835
33806
21461
39163
8572
18890
2224
12739
26657
4385
16383
28607
3322
36491
2275
11504
7338
24526
21019
25802
1974
38912
23970
14316
729
31662
22802
38478
3718
2935
26662
26303
22990
2380
35660
376
12262
14788
11494
9693
18725
15791
5149
15672
15192
28252
22509
12926
18540
31752
11684
1395
10134
27225
38626
29472
28897
8864
13715
38259
31375
25209
2188
12462
2107
7293
36974
39016
5837
27244
27217
7332
105
34381
12543
14851
9299
27490
798
73
18994
37860
34554
5108
21457
6095
21590
912
16758
15146
4624
38563
3445
10159
30828
39307
37811
12816
12629
22506
32194
23382
38838
3865
21205
2098
19487
38371
6228
32952
2449
34859
18854
29907
25912
8660
15200
3404
21598
11605
9152
7467
8083
25891
26229
36575
19433
23672
28671
29644
2102
39730
30142
19366
2792
22257
1337
30043
9026
9107
35904
35835
31893
4904
7481
22806
8960
19008
2716
36148
30956
22775
39152
16637
13128
11796
3429
4462
9776
38713
9942
8632
33795
31041
30599
10619
26390
18343
21439
9466
14901
24190
30405
12092
30937
21616
4042
2936
24890
20663
5070
34203
36004
25012
6730
33592
4001
13558
37434
35642
27168
25107
30529
11783
27298
362
39127
3981
28426
17774
16243
29472
20595
24943
21251
22185
13218
7296
21687
2622
27201
5754
13319
15728
37989
29226
13200
2712
14996
14796
36790
22189
17592
24884
35878
2429
4625
11377
12123
8514
3768
11813
7790
3462
18822
29657
33862
22990
39497
39911
12636
35534
21324
20501
22764
24209
11603
19427
17
17520
7411
10658
13142
31280
671
34620
20086
19294
15031
33820
3303
37602
11346
24628
23716
8922
26753
18016
22490
4488
3842
10853
34808
34932
18151
38130
8527
5096
8547
37368
39358
27425
21257
14267
10981
29888
16535
29300
26564
23108
24791
23146
10529
11008
12821
30083
20916
37298
17729
26418
32965
14585
27317
19068
27370
18129
32881
25534
5781
8128
13476
11683
31730
28194
2441
6431
8232
32579
19187
38849
15303
5759
13922
37024
22284
6900
21272
6713
8639
3865
4733
6890
12597
731
19866
32836
33199
32511
19123
12348
20616
18553
4931
37506
14009
8775
12698
39922
9637
7785
7730
6006
29341
8019
24489
27839
36436
12499
37907
8881
3601
10376
14972
11584
25234
37002
35068
17227
10214
35772
5593
11119
34913
39379
16682
19310
13190
37858
10982
36380
13650
24522
16142
11522
21156
31766
17229
38693
12031
26046
32158
36061
37897
9025
16223
16888
16132
25321
31726
27891
21628
25676
38781
21248
3187
10543
2709
4206
11885
34816
8298
28423
113
4269
6210
30053
7599
27477
27741
19440
5374
33364
33769
23698
26921
37837
32977
7746
32639
15454
5679
33196
11102
25401
25555
25318
15409
27050
22586
14441
27559
27006
20632
19717
3453
26613
25684
18714
22101
12228
16314
26161
19094
15747
22942
37496
3395
32082
19680
5613
6705
5832
9786
12044
6122
19721
20360
6542
18494
31431
9205
5053
38152
6139
24677
35627
18673
17378
8278
9625
6065
25589
30699
10070
3539
28466
7147
27943
35430
16420
14415
37972
10533
31138
10787
1333
39630
4101
35027
17286
25106
38478
26193
7375
5449
20348
14304
39770
19499
30533
2873
16486
29537
6732
25127
27162
23158
17250
37299
24296
30703
38398
39036
8782
11399
28053
11658
24439
23867
20656
26552
38018
33093
27612
22349
8375
19507
18644
9184
9192
34689
39263
4559
13142
23091
29421
309
26625
29844
25366
7992
30093
29982
32025
38393
21176
30269
17121
29534
29388
34461
36334
6115
36669
16267
36881
9135
21161
31496
17760
20145
35429
25805
22120
16234
11488
2943
39539
27672
19991
9301
37377
34370
16840
14762
12040
8704
17082
4902
26733
7129
20004
16086
31966
6073
25101
9823
39266
36488
671
39598
14682
1333
16179
7161
33023
36025
18051
25975
37173
34586
18405
35672
24158
7743
12522
33595
14239
24975
18440
2134
37256
23686
2069
11681
36211
8197
11976
7063
37943
7686
1175
16634
16260
23139
27560
24570
30345
31281
3241
25997
7907
16483
23954
8554
17890
9193
18955
19867
6504
24264
10667
34599
39294
24798
15840
2581
38362
4553
4736
33467
15823
37890
2995
29447
31836
1235
33622
14916
8501
9044
18608
14573
34669
32619
39758
12929
35007
25889
19990
30935
37893
38681
27709
38640
13396
10414
27544
2869
30061
19628
15977
8051
4097
10397
14345
35996
284
2387
1775
5877
20629
31741
17435
13733
32107
35439
34175
22799
18477
24101
1213
17351
26422
25489
39355
24690
25247
4364
33905
27297
21859
13088
33608
22066
15705
31233
25048
11539
10723
37043
8818
19136
23770
12072
23332
10612
29538
7535
23713
13117
21325
38218
24475
33496
26261
25691
28129
31459
18302
31421
2991
12128
18025
7802
30077
22330
16461
12117
36742
27194
12321
34029
12865
32391
9823
22400
20853
10639
35082
20237
19414
18018
13486
16480
17944
38258
22933
31677
1786
8635
8573
35897
32059
2850
11536
22472
38033
9236
25124
21115
34250
10918
7114
699
13235
18212
2959
7365
32768
20637
31038
26466
1284
5413
13962
26728
10318
23790
26609
28684
22050
28701
34194
1070
1785
25481
39972
8217
1057
27369
33775
24313
24146
39550
38544
3842
17549
1702
13521
38995
27346
21149
37116
27199
24179
23183
26249
22845
16547
38343
18731
10683
26281
27266
8465
27487
4759
14092
28281
35087
12171
8161
23837
12535
2471
3929
13728
38713
7455
20287
35709
25689
24297
23330
23563
6874
21100
17731
7076
5884
30388
33158
36734
18031
32058
9863
26338
2818
19717
16575
11086
35865
19429
17144
39685
21730
10958
38384
12088
179
22248
26367
27045
34401
4094
36422
8169
25079
9891
5490
35782
16575
24483
31419
9440
32264
8021
20564
7723
15842
1411
33980
28546
18466
31251
21236
23266
29067
33109
9993
38366
20608
15760
5425
38340
20010
23898
21120
24480
2510
34728
36782
39635
17177
31907
37295
31847
23296
14305
30431
18249
20689
32167
27404
1774
28956
19528
37966
8990
18720
12099
13568
34024
7242
39168
11609
26753
17194
2236
16159
33887
17873
22995
19277
35808
4680
25936
3025
5319
1761
25214
14428
5480
1242
19763
6466
35098
5841
23796
10058
38252
19344
33841
26351
2359
27655
13059
21498
18001
34206
18270
6835
24951
13735
35617
39163
2618
4059
29273
21422
22444
7770
22851
17498
24605
33728
995
5345
19260
8971
29198
28634
18269
13913
15926
4483
25316
13333
8076
13323
22354
19819
10479
38717
15251
11969
20781
20579
28774
16860
2807
17770
38649
34122
28954
38462
28929
22850
20912
29711
14767
18376
21497
418
31184
38571
17689
1825
22035
14010
12159
12359
2458
4114
13951
18650
5787
19491
5094
8074
15866
27170
1211
25786
20510
25972
7698
32379
33808
22773
32385
12556
33505
17065
9199
30251
4822
23203
21474
22579
12435
16806
1046
13790
21559
17833
13054
4925
9930
3607
14842
18029
25545
9597
30693
4332
36765
1580
33386
18752
6736
35638
19352
39622
17866
31729
20106
2271
410
9004
35084
32239
1175
24120
32682
30386
16934
36218
14094
18065
6927
1608
2647
35733
37271
33272
9608
36838
32738
32186
31768
38871
28215
34925
13728
3683
35449
1445
15588
379
15252
38420
16023
27661
12002
10981
20899
25691
39053
4080
29321
19520
15274
29
30888
34775
13424
19898
31221
3482
38108
24333
36897
12306
90
22362
33334
37757
1946
37596
27325
20731
13033
789
32963
10843
23810
38502
19669
27998
11913
22692
18261
10866
14632
25448
39232
16766
2971
27137
25331
36075
18076
11955
26949
26550
38026
38997
21480
7896
8938
37112
6437
31519
19765
23654
21009
36450
33073
16096
26628
36482
7153
35245
37730
12980
24979
16959
20879
4033
27172
19372
26039
35064
16591
10909
3615
11161
32764
5840
16901
16843
25206
30957
17698
8734
16672
25124
12828
27071
7345
29173
5176
32182
1958
10115
35858
35073
32955
20874
12257
28626
10526
26477
3718
7875
37588
33950
19747
22368
22193
14638
27
36626
20298
16578
7552
36602
32083
30584
10266
32866
15768
32896
3164
6412
16112
36051
6764
28968
34099
4402
24816
19667
23036
13975
23134
12029
31649
18827
27932
20174
17529
25572
36249
37354
21587
286
22481
10662
11569
14425
39818
8298
17349
31425
22188
8700
12843
33828
19927
1274
3613
38237
15538
16312
10452
37184
33740
2330
26007
35474
9311
33269
28316
33774
23548
16936
4264
36914
25199
10810
29743
38143
37927
5260
19558
13906
6124
37539
10779
25136
15550
13470
17705
12794
12905
17748
21100
16099
27493
28088
10622
4977
32675
17780
22868
5373
33099
19033
25510
24772
30541
38356
8356
17470
33460
12592
26687
18579
18904
38598
35723
31307
33260
25220
34114
3347
36271
14784
15402
22252
4820
21104
36949
25655
3114
38469
18199
27751
2235
38564
11561
3166
25819
11051
8013
24513
34679
8022
33230
3017
34919
16449
32890
13249
25488
8252
17882
2141
31995
18472
10640
3644
10765
4389
20780
10936
4955
19789
13382
11977
27063
36793
24979
6569
18906
30091
26177
24261
8073
39141
10980
5097
9305
31086
22930
18550
12178
12811
16960
20768
11005
31687
35035
33669
15322
31595
21771
11625
10280
14061
36415
25441
2124
33315
36819
50
34755
9128
39506
10122
6996
2160
11847
24781
23514
37271
13081
9797
14853
23333
29747
10156
33744
39042
9142
8759
33243
16539
3044
7347
29681
26150
39848
11338
35667
24925
5652
32656
39660
31232
1775
8486
20170
9678
35053
4671
13444
11377
26794
33422
10653
20051
27794
18816
612
26432
12518
30017
14717
37440
10139
26368
24622
8626
28550
25028
11987
13432
17492
8044
15293
39875
793
23638
23362
16234
38038
25984
7520
17028
32498
15045
21755
33790
10435
22074
24404
29585
17675
263
27528
33919
36704
9252
727
24068
16288
27911
22729
311
23257
23754
23145
7209
12269
23707
17541
4899
9077
9998
39346
31573
28126
23382
12756
29362
14580
4188
25589
36256
25390
23710
26069
28025
17552
12910
14634
28520
34413
36812
10535
16983
19779
19749
10725
5656
33989
38965
12889
30267
30289
6923
26289
3353
20814
23318
2085
24863
19106
27461
2957
1389
7226
15722
21187
38044
23105
2456
1793
778
33362
5606
4383
37963
17693
3544
22863
27510
11601
21174
35318
30549
18349
28882
37299
25830
37027
38846
1429
36855
16424
28934
32366
9298
9430
8569
7524
329
21220
26164
11173
807
20281
36980
24584
34914
11541
4639
26737
15834
19383
13918
4171
30678
27581
19679
1346
31821
26513
35875
11795
38788
29278
1354
18263
27460
25397
35204
25065
29228
33715
32862
36900
12657
24105
17088
34117
24267
30093
5547
34025
19341
32633
28003
31059
1202
36100
3329
5089
4579
15365
13553
26283
9323
21423
13771
34602
24658
157
2414
15471
30413
26954
11115
27473
4534
7458
35060
35632
33089
27546
23433
38122
17275
23026
39860
7237
201
31669
37374
24476
25008
36886
15450
38841
11236
37499
20397
1195
24760
20764
23331
31301
37589
14484
21498
7917
34668
16650
34707
37469
11836
20262
37696
28441
33599
17593
36317
37479
33649
32599
2310
24272
5041
10266
18610
23705
9522
39491
5068
36155
8813
9373
11293
17366
30622
24363
8003
18168
14354
21173
27063
12022
8010
3068
169
17166
39826
28674
6388
10436
9468
13710
35779
27495
30493
35681
33114
35486
8115
27014
24661
6428
4791
26228
7731
35624
13059
15898
34531
9735
38136
25961
5811
23065
25394
35079
27235
21728
12529
11500
24765
6199
4680
642
13542
32783
23413
38584
28860
1308
28468
26198
33460
33060
9672
666
23413
11549
17729
15732
1844
6610
20468
38472
35575
22823
17521
15781
29254
35715
6133
34058
35656
17677
32944
1238
8573
16344
19234
35735
31491
32228
21385
15758
22443
2595
35148
14702
20411
37360
22390
3346
20283
33764
20866
35228
33690
33972
28013
17264
3250
8877
25717
35951
39000
21150
9170
21312
906
33840
32751
11726
36250
21386
18086
26937
14189
7830
36326
19947
16706
20747
38797
26569
21607
24572
2220
9797
31569
34701
5208
37375
12192
20877
8456
38172
10365
15344
21184
34767
22948
22840
6920
37300
37619
6763
18501
698
31410
2744
34756
11138
35536
9094
33159
21167
14589
10474
6908
33607
30859
2082
36972
27771
34252
135
33057
28558
27190
6981
33158
34130
19557
14555
37135
18123
14214
4683
22818
17420
15727
8087
37766
8968
12078
20560
30672
39137
38403
14918
728
26196
29846
33110
34436
12118
7975
3091
19163
7515
6097
6200
21411
23437
32883
16788
31666
24023
25492
35923
4227
31836
18751
28482
2786
31549
824
23979
16777
18369
22465
18876
28004
11606
18019
16122
34642
35239
31401
38557
16094
38710
21168
25798
15285
22177
24686
10192
12892
38042
10360
31860
26274
11184
18089
29535
15310
17840
4324
37612
17162
30357
10669
23946
38481
234
35497
27823
17397
33108
15808
17831
38881
21395
17310
19634
23775
2293
4731
26397
33382
20589
29597
29298
33422
10547
26968
14439
15869
37027
27955
39399
9156
2649
14804
39053
36048
35484
3340
19379
21049
27052
1381
39226
24322
10356
36601
34240
3203
17545
35294
7429
28770
1414
22188
1268
18188
23431
24802
17935
3304
27225
1378
18717
17203
37978
36342
27398
21957
3218
22684
138
37823
30865
24836
25011
3645
29509
31677
4892
6625
1922
13819
17707
28123
32
16125
28526
29515
5559
2695
15743
25688
36103
34006
16971
39724
24128
20059
34332
29175
658
32757
6381
67
6099
19644
15473
33853
9104
34820
11555
34336
15130
31617
34617
39802
8630
7794
12391
8384
20520
13896
11396
7564
26858
37213
12366
28049
1827
29390
816
8568
28098
20427
37070
15378
38255
202
19358
21711
33902
27398
15320
12745
34408
25400
7694
18789
19396
15831
28228
17969
3985
35179
1156
7526
24766
31172
5515
18094
35379
8256
37799
18216
22749
25914
25265
35318
14524
22619
6769
14388
36327
26318
6
27652
28111
895
16377
6846
13034
8891
16308
39734
17800
34529
3028
29413
6405
14438
17218
4760
22657
17984
10205
19254
20692
26734
12560
7691
1061
21437
9134
4059
4558
16205
14281
8622
22291
15903
32360
18148
31695
26572
26632
32064
23963
15077
22537
1189
33480
27524
29737
37070
19809
31345
25809
30805
22331
12461
1824
39712
7144
24292
16271
1877
2274
17235
17608
31725
37043
4812
9861
423
22398
34209
18464
22807
16463
29310
11904
11437
30640
23191
29596
22716
32029
29689
5728
6119
17925
5719
10329
26086
39567
25189
39200
12532
6010
4026
21382
16033
5190
25202
27158
2872
24912
1528
9851
36389
17017
24261
661
16220
19888
29420
4531
33322
32361
13216
23823
11828
21980
11334
11847
15993
3870
25068
38045
3508
34164
18868
16547
22511
15356
32584
28020
3607
7411
24503
12467
20153
11352
14260
15689
14206
33655
37741
8635
15126
22536
3647
23700
363
3714
9046
8424
26288
29159
9612
39714
34982
30948
25319
7063
25303
37437
1220
10428
13223
19964
5721
11172
11949
12029
21984
39334
6820
27155
36257
20312
19054
39231
1385
12605
36194
19685
11714
11174
16294
34451
14362
9958
32355
35309
14825
32567
6770
17778
31742
32522
24523
30470
24611
19524
25599
39149
17797
8958
21352
22699
9379
29776
29532
16997
9751
34278
23215
33208
5734
6735
12806
35897
25758
1884
783
20824
25716
24826
20896
8701
20863
12485
29074
1039
34223
1337
1636
20937
19332
14555
9740
26656
39542
10012
20688
19252
346
13379
28617
19900
10313
26054
30011
2236
30795
20216
3695
24536
24530
9403
9810
25147
4551
11014
21226
26859
26485
36224
6560
18871
1377
12488
39639
34366
34337
25271
19313
31334
38846
38810
38567
12018
17597
12208
3645
19101
1299
5981
15284
10786
31714
5146
28662
30280
28619
3717
11626
12873
36039
17817
17374
19376
30030
17293
29182
23676
31635
19059
15190
33579
25249
30686
31728
944
23665
39846
9358
14909
36112
28936
35660
29303
32370
31503
16928
37541
786
20067
24223
4871
28561
14663
6660
24699
17797
25570
3358
21793
34055
12980
28859
8459
23895
4833
15231
34443
25707
32367
693
35598
21932
28430
39981
38955
7311
11044
19441
35049
14153
4342
4079
14435
3632
2445
18232
3700
21615
36648
12715
39418
2840
18380
14756
22428
23919
4905
7842
24071
2075
25377
35245
16931
36055
38022
11564
33795
31870
18443
9822
29060
158
29749
23336
6302
24792
18886
18030
32487
37844
21308
32404
8848
26388
17551
23089
12478
16172
12090
1562
39368
6510
17193
37769
37657
19755
7842
16997
20035
3017
35335
32978
13785
923
33184
15335
19549
38797
35339
3570
9637
4203
33965
24829
8041
16147
385
11808
8759
25878
35736
30419
2858
22580
24321
12824
19597
29589
32056
9217
706
10196
30330
12675
9622
28425
37902
6886
35250
16706
19009
13955
1260
31937
15583
1335
1979
21219
34571
39935
32559
27111
20219
31057
9167
12286
21306
38332
39219
16665
19405
15243
33899
27846
18194
38174
22415
36421
19422
16023
9892
28202
33217
34489
33965
24994
6664
30170
7326
11643
11289
32341
6340
31685
2080
37156
32944
22227
33553
12709
34144
3812
14178
7904
22672
10293
33553
1264
428
36483
32727
1240
16624
15080
9654
482
11046
21426
25700
12790
21065
21697
39058
23207
9823
29159
4748
5648
39587
3926
17180
16208
2499
34753
24266
12880
14555
22977
7737
9695
21689
18803
10679
25539
4288
9929
37316
3645
11179
27078
1679
14460
21728
27251
5112
9594
4114
22631
39521
18113
38086
39702
6522
37853
30494
33161
35649
35717
20716
33405
25510
3030
35078
13132
6387
9316
29587
32673
31421
5733
15715
26239
22693
25870
15963
28465
20943
23741
9877
953
2787
27301
27333
9401
25995
37948
30221
21697
19273
30837
12729
6427
8919
35535
13099
33132
9471
18047
20374
33661
23033
37373
17148
32553
27957
9709
27038
18497
32662
11393
24237
1414
24855
24150
28565
3959
12281
1437
37658
18974
23064
22532
35006
36566
3691
30842
23709
11524
933
29459
29404
9245
11318
9531
6811
28867
39941
18233
7330
28264
31571
23593
29029
39503
5694
8625
11273
10539
14187
26902
8887
3142
38992
3936
24152
8700
20783
36967
17867
19995
28614
7534
32567
10577
36517
32812
9130
35369
15904
1142
30084
29223
29529
25148
36466
15825
930
19703
13237
5816
38853
17071
27183
28060
39242
34657
35981
7752
13758
27768
9451
17240
33233
21302
26896
34262
20882
21376
15059
9328
38173
17802
34502
18835
27862
20537
38157
8725
13432
14495
34020
18151
26292
3590
4345
777
28794
24390
38150
36783
3365
39444
22893
35086
16340
2484
27720
34206
35641
12719
32772
9106
6542
6411
3426
21378
25742
16533
12862
25433
23158
37228
14610
32600
18265
13357
3538
16912
39110
17836
11770
24054
28598
30802
27875
35410
5556
39940
12274
31291
34631
12058
13523
25804
28066
9522
26347
10160
28782
14237
9597
13598
5244
6654
18496
2149
27499
39746
39051
4039
39556
34961
23942
37160
8938
14538
35046
29158
17702
24922
1103
14973
29936
13918
26764
36467
28963
36513
35027
30382
33089
9832
38829
8611
38360
10656
18904
15095
15915
10092
28227
24272
36597
28548
15977
15502
29091
4311
36140
36808
17856
11825
29938
38668
19518
17637
25112
2299
29249
39750
24437
7385
9527
36753
32339
29372
6656
9986
36814
38003
34505
22039
16317
39524
33391
27764
26543
39123
20248
39509
37131
30945
33688
16422
2037
27063
20880
32102
5200
12416
11480
25025
8960
8908
35453
33927
28500
19189
14614
29154
38441
26822
258
38825
16189
24015
39837
19002
35779
14567
11829
1781
21104
17610
12350
8255
24300
34563
27367
17063
29085
604
1579
39669
29258
3389
31991
22053
38247
24408
12836
32470
12857
22865
10713
32117
20902
38040
7021
20760
19066
17108
21088
34594
4173
31763
20645
3157
7888
3640
7841
29650
24210
38310
27746
6994
15751
9612
32788
28660
9773
6180
11423
7244
19721
2333
2199
33071
29882
1054
4079
21125
31044
25983
14536
35914
33119
12843
18446
29938
37926
38340
23662
22157
25213
27273
35463
6345
9388
27711
15608
27852
17931
14021
12259
22787
29169
6677
12433
21658
5249
36656
30180
26585
8654
14690
27213
21902
55
18455
19365
33235
13047
28359
39701
35720
12995
20396
28579
18188
29741
18884
22788
28825
31021
16430
20908
11249
34473
31835
1431
2853
35054
12889
4890
36201
39083
32920
7133
14377
12160
20806
19349
31819
26025
22930
7338
37221
6289
16933
1156
29469
29687
15782
31163
27109
958
38675
16064
4261
36848
38312
24760
23751
1411
21107
22996
24353
32070
15583
38899
30009
13126
30634
32523
18413
24903
33932
24137
37420
35808
25926
27411
25321
13438
22929
25537
15182
32140
9650
6642
28733
12391
24137
13149
36246
30137
27500
21047
16879
39773
18131
17825
35894
24958
25179
21644
36305
16575
31534
6880
37687
18945
37260
26394
6418
29150
31839
28291
30542
390
21173
33058
1141
17792
1341
23082
36610
22639
16510
7034
39811
8992
24297
35211
14891
16187
8979
19772
1454
24159
11652
15899
9922
27637
27656
23441
27295
15543
20832
21844
27120
5253
25759
16165
28946
39538
21947
19080
3955
10673
28242
8426
28138
28984
8135
20830
37335
18445
8107
10570
24097
37502
6662
8788
19745
19512
11620
29033
32339
27105
33516
35292
24136
19009
20145
21057
9201
33902
23507
18972
8957
9302
29096
7363
1838
8933
3137
37878
1178
10758
38479
34498
33140
38818
25257
92
36246
7521
646
25094
28762
9301
20665
31884
17008
17087
13917
5834
15599
18398
21480
33516
36147
23411
20399
28882
31282
12364
16358
7123
35816
8221
15659
273
26739
38795
30179
14348
36964
6163
30043
38024
3878
23055
11416
9974
2984
18500
39932
26583
17371
15348
23827
38363
24402
35118
20262
37603
29914
3862
36205
10219
10396
9053
4048
27584
37654
21156
7820
1133
16757
229
39386
32500
2039
4528
37203
22199
34194
13019
1851
7328
15985
14948
33763
31014
30381
11372
2084
23475
20262
12760
38645
14181
7106
14023
24908
36397
15470
5682
34325
4761
7936
26102
23203
25373
16570
34209
30351
24115
13439
38357
30082
23522
14996
18432
16066
38772
26161
5772
39636
26642
7282
1124
33714
5717
29586
30936
9111
4848
35590
15707
17599
17358
20272
7602
24637
12291
22662
31959
16697
39694
30686
13449
30886
23829
33071
36717
15569
21083
1127
25948
12784
36694
2321
32678
29088
26719
4395
8830
6042
39034
18414
9416
5105
29242
30906
19047
30049
18450
18595
5344
17597
32319
36992
19071
39872
32140
10122
33173
13840
28146
38091
39135
13130
13702
21096
22065
36665
6261
4195
30543
22558
32784
28653
16911
3593
23983
28857
22866
29210
8737
27961
6614
20596
23286
31153
6517
3303
27864
37961
4523
19394
31244
22986
35310
4936
36996
10979
30369
22849
32435
22707
12343
32784
7288
19456
19777
39306
24145
21393
33078
29792
4631
27500
24305
2139
7816
29080
25679
15829
2442
22766
33868
38753
34731
14098
5869
16671
2373
12250
26295
39173
32708
38017
16582
19315
39351
20695
36421
2067
1700
25652
34662
14790
24552
19969
808
9642
31894
20596
15803
19338
15492
22669
13858
35721
29030
35579
13174
21138
1711
22031
16282
655
6082
23672
3434
10521
8228
30743
5881
7224
31088
7504
31468
18215
10927
15273
7220
2247
33297
4937
35651
32905
37832
31869
16644
11501
7952
31819
39672
20919
16352
12181
6957
20460
26470
18786
22292
19981
11042
1727
4097
24101
17651
9634
32687
25076
38038
31311
36183
2945
14104
37688
29704
15874
28801
27877
12634
36996
33708
18089
35867
5050
26243
25849
9829
32304
24540
8603
15609
28696
24803
18911
1317
30350
28714
16213
13180
6965
39953
8411
37335
38723
29403
13764
15079
15342
35134
11903
2708
26008
35590
25370
27857
19002
2149
24026
15671
15850
20749
30748
33058
33391
2333
5619
31963
20780
33353
17440
19043
27252
28538
11458
10728
36065
10151
3125
4487
4130
8110
23078
19234
12574
8309
2814
30421
21941
28304
14717
488
483
19558
5255
35463
34944
26780
36914
25634
15423
16825
22680
17704
17880
10239
26989
34884
20487
24883
38576
7240
27169
20942
19149
37887
3878
8010
22370
16951
9235
6814
6792
37136
26771
36116
12942
34388
24915
9421
24138
38550
31416
34336
10821
35907
16462
14259
6607
36798
2087
32919
32284
35648
25001
16449
28328
8918
13327
11976
29038
6992
20929
27135
35803
22580
22277
33501
1584
4151
20181
21997
9573
10165
31451
827
17204
36897
28288
20860
21392
1932
39809
36417
36372
34791
19067
16281
2301
39219
15839
9325
9322
14599
27504
10660
31811
12080
31080
31080
25767
28190
39700
351
31954
38858
8065
18742
37780
12184
27296
23723
37268
22140
30366
38594
32244
21648
12753
37763
13703
20542
25960
39357
17261
32950
18866
3046
3155
27712
37650
8751
38504
27163
8028
15964
30098
24153
1770
25838
1850
16475
24651
25745
9395
10243
3903
22111
17306
7656
19552
16309
6756
8489
36876
35624
2689
37155
30675
32306
35586
16505
21731
6327
13916
37410
18287
20081
18695
33338
12418
14285
19357
11860
28253
15584
36161
21903
10952
21651
33772
31927
27025
16753
24398
28975
24933
26948
11737
37946
7225
31983
6013
13540
39619
17447
8305
7142
25917
19781
26272
21254
37722
4484
32759
33852
13873
14974
26881
30788
13495
37978
13523
5895
3820
6302
21877
24818
36346
1493
12237
34926
34977
27408
3597
19999
3097
27971
37637
22990
15198
39932
33275
21208
20993
7521
784
15994
27216
25430
13110
12352
3312
28853
21022
7298
22527
29708
31518
31137
38110
31806
39351
8680
14003
16404
37467
24878
10083
14229
2751
10310
24536
7758
26993
39665
24718
39664
8109
318
28274
12416
16269
32948
13745
22774
24340
24250
36260
7365
33951
32202
21769
14885
18115
440
18725
14376
33121
26965
8966
24447
20313
33148
5886
3333
29951
12770
26679
21485
20256
6385
33274
30243
30959
4867
5441
28235
14856
652
21718
25028
20516
24419
8701
35908
2186
9309
24600
11178
36772
33805
13305
17317
5493
39961
33581
24645
37127
19953
33925
21022
9737
6183
37575
37710
25890
24028
16156
32483
11082
6353
39985
9075
19459
771
22947
25642
12216
10347
6719
20414
28387
38266
39547
25103
39054
38358
39319
26595
2664
39382
1939
34944
19413
25576
9515
18546
19135
38971
32576
11770
35186
16667
34483
20066
21303
33401
16212
6850
13053
18211
17720
3125
38669
24105
39100
35238
36837
28902
15199
2580
8703
13852
24982
36374
31785
26302
23853
31219
3064
35782
3486
9804
33596
27276
15998
6520
17353
37657
12413
1041
17238
33013
26957
22598
24059
23796
30792
28424
36966
31960
24254
36000
38409
31789
19672
12714
14142
29187
3509
12874
8881
14356
9637
38345
6328
3857
23499
10311
28022
32919
21737
37553
15374
25051
21598
10913
35033
33362
7644
16580
32153
14918
28404
10349
33774
10761
9031
10171
33658
5900
23542
2008
32850
595
5657
16655
29738
9729
16060
10964
10994
35580
2235
12320
28726
31098
21040
22578
9058
35450
28052
2617
6383
39128
6510
5230
37597
26746
19768
16246
5687
34586
782
32566
35490
24576
30621
19772
23987
28265
20568
25557
32500
18129
1589
8959
26075
8215
37219
10605
7534
18084
2634
37395
29984
21890
17878
8304
32274
29881
28081
32939
25316
8069
4380
13476
23763
28016
2677
22979
7237
17945
15861
31528
38448
16398
29114
17548
36119
17813
4227
29638
6711
5701
10763
3848
24479
26159
7887
25133
16074
14015
35968
6590
24138
27221
11965
34249
34221
1719
23685
423
34613
6193
3313
30418
32684
16236
19904
18390
9459
17887
23206
9548
20613
19128
18141
12942
24452
33276
20369
15641
28224
11367
25407
25742
38258
5611
30749
2675
17851
14943
19877
27916
26519
17214
4540
26536
13744
11015
14531
19477
25469
30835
35157
1412
4576
22558
16077
24150
17185
15439
9448
28479
34157
21010
27068
11677
8216
20622
20253
3296
19182
8116
20564
9241
15071
23902
37521
30520
22759
27894
16272
28254
36756
18133
17058
32598
5477
39469
33752
31088
35352
35208
12810
28647
34240
9136
37550
36947
35460
19863
11953
7924
11765
32135
34171
6625
22553
16442
38535
13862
28498
4933
38512
6428
3825
2561
12573
35603
13916
35501
1553
38326
36773
31391
33770
28386
15320
1780
4460
39262
16067
11397
14561
28302
33246
4347
30318
5385
19307
20316
30498
25652
27585
7605
31025
5749
31337
25324
31368
20659
4409
2322
26067
38053
33249
21310
26085
12637
16412
16018
33381
19358
5694
35879
6883
8796
28824
36424
13941
21429
31017
19008
19776
1600
39180
21493
1763
33483
14598
17358
20386
28721
14866
420
17465
27205
34451
6779
39566
35764
38559
15639
26670
12886
29746
25245
20328
18557
4953
5609
13403
6899
18701
36749
14083
39303
38818
24432
34854
20214
34263
4220
17048
32259
3427
37561
8544
32488
28891
11143
457
879
39489
39904
13469
8976
14150
12591
4978
25077
23425
29870
35321
18666
8150
1992
8848
39092
22733
30766
29452
4003
11969
18480
30402
17776
29908
16872
3486
26527
3951
1332
35263
2394
23092
16834
8894
30802
35992
619
14654
9844
20401
30392
21422
10349
2724
16261
14665
12493
34003
17760
37437
14180
32835
25711
2888
18748
19935
36512
4975
22546
1644
39670
22673
20520
39072
5560
27105
25476
1409
5295
15542
28079
7103
27323
21408
4478
36247
7703
6531
24252
9842
12123
3330
12852
10243
39315
2702
7676
8362
8378
26996
4204
20119
697
10284
20352
43
36522
6203
30623
16708
19381
12459
38573
28825
25517
37200
2837
33286
38041
7533
35293
30702
29336
39045
34718
10804
920
27447
22529
22704
27039
28662
21952
8233
1716
12729
17522
4813
39435
29687
2297
14730
25845
12048
2938
1604
29574
20529
10332
20174
4892
35633
3261
31887
14450
26186
21909
12257
5647
15715
20293
23201
28350
7087
4550
19177
18404
6637
24464
28469
2401
26412
4904
27756
5826
11597
5601
32505
28813
37880
16986
753
36130
7566
3994
23605
29002
34519
13150
14925
12936
7284
12942
29533
22326
25913
22420
34516
22097
9638
31251
35943
2812
23088
21108
26355
13808
35446
21915
36286
10241
7484
26826
5539
35640
21851
38573
20217
39401
31976
10611
7403
38234
3263
37159
4206
15686
9571
10188
28637
12827
29526
39039
7734
16046
24625
11783
14088
23336
14359
27010
34317
10803
31648
28911
265
6446
2906
3965
21949
31440
1536
11748
24495
2246
25504
35819
6559
16652
39864
31714
32897
10065
37519
18739
34456
19962
35020
39918
2810
1297
21812
24711
29858
24263
14453
28527
2523
33218
16279
13259
35088
12948
5598
33489
11362
27722
18632
6544
23452
2734
28952
9634
36226
25813
2280
2309
24853
3872
10097
33919
17202
20717
38596
19926
1647
18065
8151
35242
16429
14169
36981
38148
31330
21222
15911
33426
15922
9808
3336
18039
2581
13483
2648
9404
16076
22125
24057
15280
21314
2614
17423
14859
17195
30138
39649
36416
31118
31455
20911
1781
27400
22975
4935
22352
20287
30607
31015
28683
4811
21909
9626
12157
25128
32865
12110
5192
5815
21627
33615
12532
8862
36452
9445
31114
10960
34861
26539
12663
6630
12937
31923
22422
33640
26776
2856
18591
37125
14203
25879
37110
28913
31144
37338
11077
6377
19266
22551
10926
24493
7803
581
2024
27637
25432
33138
26302
17821
34720
11530
20505
5340
13667
7875
30213
9704
28869
30601
3196
34057
24352
29058
10831
25797
37313
32617
24876
39680
39783
27619
37204
12343
933
15914
27740
30847
24181
22179
25252
3034
9764
8602
5840
9378
17501
5444
5714
38777
4771
36581
28931
38940
4609
4052
37443
10377
22757
10305
9556
32362
16178
12850
6
10056
31795
33160
35247
18227
32518
9646
37299
18508
23806
17408
36117
15697
316
11153
33887
35731
37694
28346
3450
7063
27160
12858
25582
27807
8438
37623
12129
14317
13757
22084
623
19730
36394
9141
23172
296
37221
15250
18925
4713
1180
36852
11201
216
25975
28574
19182
2860
11369
10878
16608
26725
39066
22368
35467
10630
32882
11814
15475
37231
21910
22305
24047
1595
23072
22066
23929
26103
37535
31749
387
23878
12051
2261
7709
18313
12919
251
39447
36389
39604
30711
37442
39316
25922
34313
7140
19460
9352
21678
35621
6473
9592
15460
20578
29802
12663
25127
38374
13801
28526
7243
9048
38366
20284
4171
13404
32923
4052
4949
14020
16384
2553
17147
34673
11877
29697
23386
13678
17272
4563
3123
25426
14282
37778
20654
35222
14595
28361
171
29035
39359
9530
39956
30011
5664
17164
13396
12352
343
35267
14957
3968
4697
23676
39891
25509
135
34667
32219
28126
21898
10268
27906
14715
28305
36220
3387
26968
24897
30648
20159
39290
9421
13109
31591
27464
1244
25692
37038
174
3633
19255
20734
29207
7684
26785
34500
1
6697
20834
18569
30042
6752
29743
18400
16811
77
18482
32447
29204
23964
9918
21073
9764
23012
3083
29173
31323
13999
38744
2093
39367
30375
11954
12918
29754
12291
27099
24249
19012
11068
24126
14027
16444
1167
22471
39572
38155
15517
14636
35859
22675
26766
29489
30586
24685
8029
5063
34774
15241
18932
38450
31353
18091
23396
3625
17032
1171
10912
22372
13769
23771
17480
37414
33571
3038
9567
7696
3614
23721
9406
887
4531
22910
31782
15666
38187
32810
15888
11445
13083
30621
1048
36117
6911
18306
9156
33897
2884
30175
18271
30059
4493
11007
3866
15634
33999
8485
16936
896
33147
33451
11168
32182
18880
28169
7849
23511
36749
35589
23015
6852
30856
3952
37831
38703
32585
11408
35093
31424
34642
28433
7737
15192
23179
6339
39323
24392
29868
26342
9145
31750
2410
18512
11969
25121
17893
24573
26071
32323
12184
33962
11793
32040
26188
24816
10306
35834
4000
32564
38001
18861
27628
23834
19696
32293
20219
15265
5401
7354
28974
22649
14204
8378
6357
29932
11159
27808
7125
3722
21507
11513
32581
29040
2324
26962
3026
2608
9951
21365
24227
23841
39998
37133
37788
7286
21328
15381
5057
5728
11198
17111
12028
37215
17068
33730
22365
1675
18665
32026
3814
14824
5201
8181
38745
30708
35714
18919
15501
39193
20904
14166
1742
30714
30201
20314
1853
18362
18438
35282
6062
277
12287
2172
38497
1221
20687
18911
39912
36800
3396
15017
3606
35999
8647
29072
7545
38857
25461
39217
26804
34298
24694
26781
31289
39378
26013
21830
877
13092
22708
1065
3490
17152
36765
16068
10014
7850
3282
31358
5515
16050
37602
15583
15039
28090
35986
30919
7344
23146
35023
2257
23258
30868
1566
31957
37060
19448
24079
1946
1106
22612
31009
12800
29566
16942
28492
6612
10606
29895
16534
10565
20915
34854
27263
27798
31667
12962
32607
31829
35561
2067
19531
26430
13573
31787
6347
22407
26770
39420
8236
15870
4904
36633
29429
35725
32355
19524
5455
39274
35132
5078
30647
26687
23267
36071
21068
31693
7930
38334
25452
32382
29668
31247
20322
16159
1959
13913
20909
4436
32057
18235
37739
524
28352
19116
6744
11124
12036
9235
33953
8706
17275
8322
1695
16054
37219
11200
14782
2907
17985
35102
19775
29778
8283
1668
940
21709
37117
30808
7853
4798
25124
17578
17868
5903
18210
2082
24567
1909
21004
26306
27270
5685
18991
2408
16480
39507
4956
6625
35523
11285
7635
5147
3578
31039
20394
17803
22647
20150
16398
4795
30077
39407
28330
15615
36123
35754
31569
12938
23630
8250
29702
13221
24170
20246
24895
8950
35662
31009
24185
28988
8093
9131
38557
31028
39165
20570
30015
9713
21402
23440
502
29008
2289
27290
9411
16143
14117
20893
34878
14669
18740
36600
4273
14007
27868
8236
35446
27040
7776
13098
37396
8955
39912
16405
25589
1465
29057
18787
8950
25002
2993
12978
10038
12151
4368
33066
12275
16500
11756
17798
21641
2146
9831
38753
21933
23078
4831
12675
9034
13581
26822
5226
14389
6774
3952
6228
15702
22694
26341
28460
39664
8091
988
34604
39268
3891
31998
1319
5437
18896
35088
6498
36160
39339
430
10945
31506
28378
26704
4591
13565
4592
36750
12325
22104
12210
6991
34008
14661
4322
7395
5405
26286
19366
842
30762
27719
21601
37198
38173
19387
25819
23139
25791
1288
33975
26834
33682
31717
2753
24090
6647
24243
30227
3525
3569
31688
8935
23861
37539
2057
24323
27682
6277
31671
20273
26808
14424
2307
16451
36721
12766
33560
6901
22372
26392
29555
7745
36020
19614
27905
6914
15451
14876
25572
107
4732
39366
12874
23995
36979
30058
2006
32591
26644
4679
18637
31668
35017
13489
1351
38158
27740
13904
21592
29817
21501
30714
28966
13319
11648
23428
19882
24662
37169
33923
36833
14313
21454
565
24277
28369
36574
20256
16905
12292
23623
32378
5256
39407
38701
34334
35734
24429
39388
18626
3509
31989
13928
25307
5536
25557
39440
22508
20206
1701
31446
30387
8479
7427
31694
12501
12317
22600
11537
35954
869
26395
2862
19527
34960
5212
38226
10466
15968
22375
18224
17319
16198
4354
5849
21229
24455
12884
35297
35591
16915
10027
27308
24951
14000
39528
14018
16659
30076
14881
20915
14688
18839
4725
9593
37278
18051
7431
17949
4983
3085
23960
17591
10671
5501
6549
39994
17725
38665
20150
16847
1491
1366
5261
814
9343
3367
234
11481
7821
3430
6871
25426
23317
37431
9502
35165
19461
34696
24418
29237
32828
29415
22777
14214
36559
12548
14212
23712
32545
18765
22360
22997
27875
31168
34881
28373
35401
34615
11716
28388
34794
38463
29257
26249
17876
30757
12062
34598
3941
12003
25144
12278
11523
32532
3496
705
781
8412
36334
33996
6216
11636
12557
969
4075
39589
4731
3238
940
33674
15409
39356
28005
24153
11780
3829
28426
15311
34744
35843
14384
21213
27747
9410
39670
4407
21983
11935
32337
28329
24737
21545
12943
8388
25889
5328
11951
16034
23094
25135
22422
15013
19051
9888
13325
21666
26961
15979
24192
6525
3964
4144
28398
35668
7983
18571
31942
25743
18100
12697
5285
11571
2941
33102
8145
27710
8494
29783
22137
24998
16377
2396
11086
39826
28724
26548
26072
925
24300
21322
28988
12374
24426
32770
18045
23560
22296
19572
37859
24871
9823
9884
1108
20882
3138
2134
14621
13874
29245
29735
16333
13452
14366
24546
1199
21765
2585
1365
17945
38473
26196
11362
10282
16640
5885
19500
20729
21453
31447
33883
18365
1767
21392
7261
33639
12902
1261
1812
28010
7458
33656
8175
306
9988
39095
34080
37786
4838
8231
4460
24118
21247
967
31881
7904
11238
25716
1497
9158
21244
29409
21195
3524
36679
26111
15472
25224
17500
1451
8989
6222
10746
8638
8379
2934
33773
32596
39353
4497
2164
36445
16252
31263
987
16300
11660
39006
36887
1325
22607
2330
39237
6193
21484
29373
31884
5833
23264
10732
21399
27967
39831
30151
33830
26734
27288
24654
11248
1610
31977
9563
12284
14595
17225
20414
26570
39096
12513
22717
28783
3743
33680
2219
3997
9248
589
7868
19340
31778
25310
36795
4750
21182
35084
21700
19403
9226
22312
3925
19949
18535
24033
21262
24308
11027
11940
36064
20313
1115
38633
6369
34682
18385
18682
3555
31629
9462
33206
11990
14837
20682
15230
32919
5947
16984
31669
17092
21580
32718
6861
31760
9441
37966
5766
22825
9918
23154
34588
19478
18852
18998
28597
20717
36627
13649
23163
33266
29196
9742
26777
8639
19367
10972
12530
24495
15437
19620
10597
2821
6060
22586
27291
12293
2688
4153
11087
38145
4251
13864
39490
16211
16654
20064
18683
11465
6393
35358
39139
16339
22895
8848
22804
33318
3005
22260
124
18998
35103
15279
29857
32222
36341
35235
39232
11398
33212
8718
24909
31620
34954
22272
6450
10504
26123
23869
19511
25046
1962
2357
25735
4698
28988
19829
3012
13956
39986
10851
1056
6087
3927
4447
307
14029
30618
24551
7990
12699
17336
13962
26295
26771
8114
21489
9698
25911
16341
33511
18670
21420
2999
19968
34175
31156
1569
18374
990
13858
20971
9915
21825
30897
6606
27005
14522
2845
23368
3857
29688
21599
20896
37099
10754
25688
21028
37376
19082
18113
8378
32015
9980
3793
717
29282
23226
18391
24367
29740
35972
37113
3179
35021
32254
3904
27105
32739
27998
14977
20290
28028
29806
24716
10375
25389
39016
16595
19863
3652
4790
33968
33245
15169
18083
8657
16088
12935
27015
38315
716
26953
17460
19822
5707
34302
33264
7987
30490
27305
34623
2174
4622
16451
19788
22682
14507
38885
31646
36863
32142
32656
38342
2762
25119
29400
1697
2111
32400
35418
5258
15823
36947
7581
13292
39739
30712
29336
14560
8702
36360
16916
25194
30699
28806
14829
28381
38340
15614
4092
35449
28173
18782
39819
6470
23017
9159
12802
20164
19166
24199
27882
28535
33583
22534
1782
37913
33113
21783
3329
16203
28444
5908
15125
21521
19693
21513
11145
13719
31632
18101
37882
18379
28465
15638
17087
39891
17502
13939
7864
26668
9323
37905
23425
22004
6540
33070
24257
9414
37926
2844
23994
34768
21151
28563
28381
36232
19481
12022
25153
38115
31224
18699
38325
10919
34695
30581
32068
6995
26460
5180
14640
16757
10460
35462
12923
9480
33477
1953
8126
26759
34976
22240
19099
38715
28223
36937
16992
1541
22531
8647
25335
7627
28817
13803
1790
21291
7705
20789
36146
30413
37062
34722
35683
8853
35687
20352
34011
11942
2275
32235
10742
38462
14060
2698
18668
5678
17666
28030
16165
20993
17034
11820
747
34323
16874
15303
34941
6481
17236
34851
31612
7189
36378
4128
17391
16099
24489
5286
21900
18415
4231
25226
28073
38129
36641
37796
16543
978
25748
28720
17841
15550
35789
14573
2996
12628
34354
32806
1036
21061
26403
7118
5160
30476
25933
39555
449
24820
10839
10261
20033
28611
19412
2530
6346
22095
20959
38303
25278
8715
29917
18180
4560
16636
18366
12352
9736
15749
6531
5652
33077
12536
4298
8860
21662
26844
30441
6582
22672
38997
11597
24996
11271
14630
11076
16881
30292
9919
27632
3714
17029
26743
9561
37270
25475
2856
35251
32196
35681
12810
6159
25393
6626
27800
27397
14332
7016
25778
16115
278
37631
14059
1228
21692
3548
26381
16443
23065
37960
19025
21025
14291
24454
899
39331
6834
13747
1011
22623
19290
11773
34074
20711
30680
6151
14109
15738
26331
35288
22106
9837
35272
4357
24633
6788
36182
33380
22750
18548
6976
4134
35474
21766
8335
36961
5788
17007
18291
3374
9444
20399
33520
2520
19571
16984
4627
29657
15182
25935
29954
38199
3998
1215
370
30122
20310
37230
8758
9232
19848
25102
22745
22329
20235
33719
34603
4963
18141
35917
10518
15445
33708
14287
16741
16862
38428
2421
39246
1561
23127
1631
5901
16299
33836
17520
13159
33660
22046
7663
34692
7346
36967
3107
37365
20723
4949
24771
20627
3430
28732
19894
24305
23822
11205
17094
3399
18524
27641
6472
27698
35821
16196
32742
19935
9805
10695
33513
23187
28128
35875
12578
26452
19456
22288
27147
14030
9985
20487
18050
17532
3517
38874
36111
27120
16882
20152
11363
8494
3197
4214
2692
30292
19345
28346
34861
2578
25767
28346
18125
37798
9836
20631
22032
32284
22304
12314
12758
37637
23718
29677
8966
27386
2128
18152
38487
2137
32053
17521
28614
22943
3260
36731
12185
4273
2934
37951
4082
10286
18259
30856
29391
12513
32055
34279
12137
39805
24357
36388
36819
28368
25490
20849
22042
421
32868
8028
35604
34189
29081
21317
37901
28920
3297
15629
17129
24709
539
14995
30668
10191
24892
9094
16892
10753
32576
948
17177
1304
10326
13588
8351
32049
31084
22850
26876
25429
313
57
31860
10715
20051
33815
12328
2605
29831
28229
10322
1172
2750
11433
18815
34348
17670
12106
36424
118
14390
5911
20013
30720
30910
6696
4988
33301
12056
2235
5898
20701
38273
39972
1175
20914
6181
2472
8847
22239
7847
25830
25453
5511
6518
14019
15892
14845
10202
26091
16239
7309
17399
13884
33464
10330
16982
7256
18546
12120
25171
12564
17245
14149
36763
30354
8551
32560
10019
36467
27385
3592
10208
12859
35424
8739
39175
295
9143
29771
12538
34923
11447
9651
32604
4676
9317
15789
36338
1675
34255
8569
7122
27253
22799
18609
28936
28510
38866
17750
17070
20914
25903
10076
32517
16108
36710
23694
32004
21049
39853
30048
39750
26921
18027
5207
23354
10787
22283
34854
30913
3071
11090
14909
25817
5831
29986
19040
9386
21633
21557
22914
36849
18709
38758
12933
30216
32022
1766
35497
13422
33954
19653
39783
30780
29847
28322
10204
18353
33669
25612
13814
28522
32167
34423
13195
2285
15742
38727
10870
13783
1147
22484
18429
26682
23373
8386
19396
1123
16732
17481
9745
10413
3661
17598
32156
28996
17477
6139
28358
26423
641
36313
38938
1755
37302
33788
21605
35782
28941
11513
23572
16499
22312
3698
15215
37595
36867
37570
28247
26194
20811
13036
15189
4201
38384
21399
32153
15763
37717
7344
22192
24369
7130
33348
20280
30737
2118
32958
7596
36898
16631
36608
8752
33590
23075
3757
16896
18974
30409
31070
1400
21106
117
13754
13494
30200
16996
16119
4169
6985
8330
36057
38911
27907
31534
18797
33200
31695
8349
21128
32461
35836
18839
17053
8072
15779
18773
32579
25589
2613
30258
13803
36139
31321
23342
4405
2118
18885
39219
8964
23800
14676
36855
29006
28928
18363
16782
30636
16863
36060
31676
27110
33353
38671
8127
27459
427
8097
24135
21511
23309
38890
39824
15727
30777
18036
18331
19809
30969
6215
37034
19594
17173
6213
34787
32797
32306
17803
24492
26489
29157
35386
28642
34578
26070
24183
8129
25950
8906
26219
3135
37286
5639
27012
18761
17304
1617
3601
29766
27563
168
25034
19858
27178
437
27224
11972
20066
39164
39892
11817
24349
18584
32785
29964
5710
2637
39254
23574
20541
8350
39453
35441
29844
13675
26674
7715
20298
39960
9106
14275
16753
28909
28687
22217
18947
25480
38183
37263
26483
669
1198
3610
26248
31214
38861
11586
8532
25628
32232
7784
14664
35374
18407
14750
28050
12927
2484
23385
19161
15162
6182
17606
25422
12140
2237
30585
31523
20499
35992
31375
30655
29997
13581
32540
16232
22647
32820
36141
27296
23976
23507
24327
36493
29627
33333
31688
34613
33148
21822
29894
1766
36350
24934
35848
10065
37614
21936
28699
19070
31406
13248
27336
2922
8540
27654
30566
11980
22334
6758
26798
11281
20189
7362
30169
26060
5560
15803
4641
3570
7118
9425
8503
26709
34835
5376
2761
35169
9457
32954
10013
32868
28787
7819
19172
31669
12752
30689
31026
38676
18932
13769
30184
15907
360
33755
39608
830
15384
28388
4440
30281
1025
7414
22277
39320
6583
9076
3788
31479
1464
27360
17985
6401
30381
38146
28797
6542
26254
2262
14082
33910
32686
1911
9045
16969
28952
36002
13733
33745
3892
33691
38986
18687
6463
38738
12430
4224
12662
943
4187
16964
2174
25695
10852
17191
15741
18156
14504
16537
29879
38990
38771
5482
10160
30665
14634
35865
38343
27728
29348
35075
14471
26026
35765
2404
10703
1384
30961
37913
17100
12514
21181
1180
11094
1462
10195
22145
25760
37885
16347
22300
26342
10362
1085
26869
3328
26576
8831
20559
31180
12407
26706
9372
13658
1135
8248
32391
11250
21978
16978
25939
4055
38107
34227
8322
21315
9204
12695
1649
38398
14433
20413
20637
29510
34315
1341
30975
24378
6721
15346
254
30800
8812
11413
2916
1509
31203
9542
27817
11329
29513
35958
10744
11058
25799
17970
7691
26599
22181
19005
39837
27923
20584
26672
11259
26931
27923
30869
29534
11516
13355
5974
23780
9807
25071
28460
16944
11225
11251
31287
17486
38310
7145
6705
5417
18896
39885
21299
8166
32238
12289
31126
2968
17685
13098
2399
13043
1681
35127
36036
26771
30473
13733
1259
5029
24040
28640
35771
39342
17245
38850
29743
11124
8439
26733
23260
31474
4249
16890
34456
13420
37025
3581
8263
25920
8412
33350
3143
31860
11445
32279
21566
28066
11045
24424
20884
21429
4701
34177
24531
38144
33903
22501
19845
17248
30469
14830
31144
5218
7617
2385
36884
23849
29652
1357
24496
39516
30699
24972
15296
4613
22900
18720
39195
17551
21988
24814
8481
34150
14559
12706
21699
37476
5269
32689
32417
26865
34269
10743
9246
12081
33341
18646
34472
4523
32237
14862
24940
1950
39701
2485
22193
25482
4687
18498
10304
1360
4920
15108
34138
20000
4939
32007
31317
7315
30826
14963
18011
1107
1030
22682
36704
37603
16932
14492
2874
15880
20954
14234
29041
11029
24667
38294
3821
5735
22356
1788
9859
3832
31957
10153
32697
29050
10153
28946
16645
25034
13046
2987
23296
31359
25067
10669
1419
10362
5793
1965
14894
2449
35096
2368
8387
11187
23340
28669
28044
26381
35886
32112
37693
1332
20996
8461
7734
13969
26720
37044
22442
4091
7469
37623
24669
27312
22588
23541
12239
216
25940
9837
15255
5628
27259
26366
27641
39999
15229
32744
30121
23087
24502
25296
32414
29071
2727
11728
37959
18404
24677
5997
18082
31822
2630
32680
30454
36199
22722
32022
24795
17813
28769
35962
10139
23832
5975
19929
35971
29468
15721
18506
10413
2596
22094
842
24647
6848
30656
39506
9363
35751
15664
12403
4780
17058
39876
13323
5649
3257
6831
7911
36291
5439
1184
23137
6762
39366
2085
13315
20292
1433
26398
16478
20334
8716
26585
9056
30251
11111
21471
19744
28408
8285
3817
34465
29031
22867
31021
5164
25259
22081
32756
15335
23325
6461
21050
9785
27686
19347
32943
888
3668
3129
15544
385
38561
21194
31900
31963
30862
23329
37142
39804
18315
39344
36051
21911
1474
31734
39856
28035
27509
6157
16684
30767
7320
27419
9402
2842
39231
24651
27684
36273
26853
14210
5509
3499
39445
8122
25891
37255
3749
17949
9334
21348
1716
28591
23181
13855
9940
9245
6877
24402
30328
12984
22618
5804
4292
5407
10609
12107
31903
24935
22288
1089
39004
25877
7605
20670
37015
31216
12178
24718
14979
26702
36210
25035
23744
37603
25765
3898
28646
1540
21842
13823
26347
12048
26789
36019
2271
22757
7949
18800
4273
11020
26415
39917
39513
19508
23851
12676
13195
20677
21964
37696
20590
33171
38926
5729
8169
3875
17418
7835
33528
1895
34213
39378
27849
5341
28339
11256
37695
25672
29859
21608
30888
1335
28026
14240
26354
13376
21583
17588
38941
36227
13784
11024
4393
24993
38464
232
17934
22538
12898
3931
7082
31124
3444
6787
24919
18451
2969
1323
32809
8853
34202
26242
14938
1718
421
31912
35558
19528
16267
20462
16938
13714
5839
25337
17090
28389
5512
4162
20767
36436
20295
30477
33320
32423
454
15538
1525
25516
24163
8454
33348
29384
21907
9821
18312
4633
31086
7594
4530
31453
23151
6072
10529
11255
6972
20517
12077
16270
10690
6694
15198
32614
27341
13250
38258
1342
35652
14671
12786
6050
15382
21866
24569
10610
15300
12776
35061
31059
35632
2755
11818
33881
2464
13918
28877
14269
4247
35518
25173
24024
26476
29111
13630
28473
39813
16886
1837
18247
14119
19916
6875
29000
3190
9725
28921
35298
12455
28259
16925
23804
9504
17937
20737
8694
22782
10975
27710
5371
19776
8629
32396
13580
20165
18557
37823
35037
6065
28872
22038
17222
30696
10160
92
28676
17322
23861
20699
32773
12908
35044
16938
12818
14139
28618
6112
16331
12619
25401
39604
34510
4196
21510
33020
27743
17169
37612
18104
25863
38974
23431
10457
28097
1543
23913
28543
23893
39694
32608
9025
23331
24724
17275
23737
10593
22251
31966
34184
21307
20851
37928
39866
3276
16725
38285
18608
16888
31351
10376
18319
1718
21368
8680
16035
2965
30267
35147
38382
18327
7032
1007
16461
32638
6945
25049
24656
3584
32188
23879
8349
31855
8011
6281
636
34810
5850
8410
22068
10550
25730
39041
21841
30283
866
35029
16280
34472
38565
2415
1929
6755
17093
32490
20618
24738
37357
4514
38171
33705
20107
38938
12016
25046
33108
32550
9885
19210
13927
9967
23325
18694
6864
15680
15336
17564
29498
8181
15298
26581
2042
2699
25724
33159
32511
3283
22097
26384
39670
23467
20448
31831
23884
39275
19983
3368
27300
24962
13318
35177
6427
22023
18992
15243
34925
37821
4229
27689
16784
14050
15982
15804
13245
30566
32467
20086
1583
34237
27389
639
16004
2445
27927
38712
35497
33037
8272
35423
21781
13290
34527
7212
22433
13436
19355
612
3485
15237
28599
21096
27567
6936
12350
23546
35217
4661
4175
12490
12654
34095
26101
25120
14770
18661
19346
3272
33185
17761
31127
6790
6490
34594
22021
6998
16422
27408
20016
26504
36299
1868
26804
25088
15979
25608
33354
38931
899
31559
3281
16847
25459
16159
28511
32871
17231
20810
5799
21576
12684
24030
5829
16288
32379
23325
2501
15701
39984
19780
26174
17009
3151
4278
11490
2763
4161
3329
30870
3429
4401
939
25580
28128
2731
25076
16096
23212
26088
4649
21542
18578
18279
10685
7320
26445
13866
15751
17037
3787
17497
15776
23574
36018
18015
19289
14688
13010
22439
8460
35144
8579
26132
8757
32467
7962
84
34335
25705
33852
11434
35482
4204
30523
23606
25640
7996
11375
30803
2732
31484
14398
27057
24470
12749
22916
33620
20082
19971
22208
8940
37652
34404
28894
24461
22453
16363
2718
29523
21896
17410
12339
34720
28773
38381
19422
17577
20963
29970
18798
27979
39482
5781
33613
10041
26371
25951
2576
35671
836
27671
34968
25313
11628
1941
15839
29216
18129
20070
35454
10530
33885
34638
26095
7427
16274
11331
258
32072
5532
33147
1547
14141
39703
13510
241
8592
5412
16694
39648
13463
17869
5845
25920
2569
20877
31369
36334
31079
29090
8009
32401
28137
35716
15984
23811
11753
13019
26700
5524
8080
34601
11806
7170
19896
30678
5674
26507
14397
18024
11960
37827
20813
34605
14296
19906
37683
3303
12678
10989
8792
31708
16706
16666
14559
21968
32661
31396
37339
23098
29005
9188
10275
7670
20312
22353
39113
7411
6038
38294
20059
17332
37076
20734
25399
39060
2343
17180
20321
1072
32437
28860
33612
17306
26510
39154
23144
32349
21603
19292
29343
38344
22179
9347
17384
32535
17990
16806
9193
9082
37373
7562
29753
9046
37891
11092
3081
33142
12962
27011
27665
34787
14842
28630
24902
16035
19197
34045
31254
26411
36216
28367
32541
37122
29514
28935
19640
14998
32470
17929
38870
15856
35299
23022
16500
33173
26257
3538
25951
21168
28711
6347
2677
6174
21547
37610
17633
30759
4837
27452
11396
3036
27458
5804
29464
26669
35673
24486
18702
34798
28878
19623
34877
22681
4971
38332
32034
8100
30862
34418
18048
6164
3
34817
36499
2090
4336
6514
35700
38949
27870
32004
26005
17327
5231
38275
11881
30926
31440
36914
21341
33785
33481
1892
20109
13433
10713
23848
16611
468
36690
17176
24784
2718
16477
13501
35588
39076
17938
2059
18469
24582
9085
19938
30481
19602
3403
19080
8985
21867
28545
1046
12890
2383
19158
19248
1357
32062
28542
37260
21455
20103
1794
24063
24716
6972
18107
18
10331
23854
14993
7340
1156
2032
16184
20756
5152
2452
26526
33914
6270
15006
33193
14513
12494
15619
25372
10567
1856
23425
28911
32425
8440
6066
37416
25470
37693
39137
36026
27393
29748
31730
39840
4009
15075
37994
14239
2762
39555
23255
164
31266
26423
5749
36359
28012
16113
4745
9268
4430
31395
39105
9041
23099
23755
8435
17390
901
15343
13856
23760
21914
29638
4943
9783
18252
31088
6721
26038
8470
283
8085
9551
28782
38259
17906
38816
26982
3989
31778
5943
4561
22601
11571
15464
31542
39471
38523
8217
27553
27939
11026
8869
27411
32188
8899
3175
19231
232
28598
8342
17907
25807
29716
19254
16259
34344
27725
3535
10623
13203
14313
31852
32103
11403
4021
30830
11993
3758
24171
39125
31217
38937
34519
28311
25880
328
17709
16333
21313
22879
10092
2057
31115
11551
4403
38452
22608
20626
10740
5520
3648
25
31893
28042
13318
6401
28567
21589
7045
11003
34814
20763
8133
22570
34034
34890
36524
28884
28261
36577
16109
15091
24316
939
26541
593
30704
1888
32752
4123
36142
29026
10753
30016
32004
10538
17447
31707
17391
9914
33555
16581
27617
18569
33135
39759
6796
34079
16480
23841
930
9458
5639
832
34318
32898
25296
641
441
1807
19204
24606
38653
34178
7782
36615
20292
12521
16017
36018
16959
10534
4095
32868
23389
38769
18773
22427
34445
9277
38597
7690
20834
11421
7958
38705
11678
13203
8658
18596
23717
8859
11566
29676
37912
33665
7626
14110
27733
31042
30952
21861
24519
25134
32631
16545
3553
37039
39387
14810
2403
30769
38944
16920
33721
38015
37239
2550
36444
23551
20076
37424
27374
16023
32669
4489
16674
14832
25479
8444
24692
9498
38811
34369
31658
9635
9075
27840
14236
30479
4823
7137
38430
27778
5337
25590
19738
2855
35004
25906
11102
28419
29767
27951
36856
796
12687
31550
30535
37169
10840
6423
39929
625
29154
22253
808
20403
19376
34388
8760
13579
36428
33003
351
36232
16943
21037
32478
8114
15806
38979
34502
29289
13159
26928
14176
30419
32548
22511
35174
15202
4196
20049
39858
2642
3045
38297
8812
36012
37180
37687
11913
150
32697
24433
12274
22946
38249
18993
31948
11152
30703
28169
19178
30773
35893
6062
19287
38718
22617
35997
5068
32800
31101
31966
27375
35854
16349
26724
22120
36575
30344
28167
26599
30608
23870
17315
12675
4212
32068
2839
38789
17286
3873
28096
25959
35322
11381
35302
36906
35284
10717
16793
39059
14855
22306
37332
39632
8450
8492
16724
24339
22637
1676
17553
960
1208
150
38498
10951
12750
5612
38300
13073
19408
28370
164
12619
25812
12895
7742
10712
15617
1399
1057
28118
39722
24583
33499
5383
16058
30679
18873
36808
993
7231
23805
35211
6598
10249
1963
3851
17785
20932
17565
5049
15703
10964
10302
14508
35405
18219
37469
19017
18280
9887
17566
21900
27718
26962
19424
26600
19857
36922
14403
19464
39369
31466
37365
7599
9727
8202
22623
33706
8141
29082
4201
39776
27579
20182
37268
19206
37249
14158
35024
496
8346
25961
36303
14846
15672
25645
5560
10319
9098
34517
21990
14094
32044
1302
37324
1416
39690
7812
25887
37203
21770
23319
23492
23042
6355
10068
16103
5175
20151
25621
23778
8003
10515
9803
31758
27105
22243
29656
24178
777
11516
25326
1404
38567
3674
11695
39549
7130
3593
34753
32192
9294
18325
38680
2919
39860
37490
12476
2805
33074
16090
1901
24631
37823
5862
20487
30912
2283
12615
31867
4795
37765
38820
10529
6692
20748
2704
3468
6735
26925
26374
35603
26590
1640
30154
37298
8699
36873
10918
33116
38170
22438
8333
15506
17619
3014
27602
4426
39907
20068
35258
739
11379
35280
17401
30147
26881
10071
25004
19315
7757
18323
21975
29861
20694
2877
36347
16061
27158
20043
32879
24077
24875
14328
11436
20867
35794
2154
36467
5769
31430
9647
36772
30766
12663
38381
10152
4738
36205
35471
7081
2713
14933
1571
20461
20249
11634
24058
28524
34688
36831
12230
33270
2811
39690
28683
13161
17599
8085
183
28417
39456
32081
23334
3462
10982
8910
13683
36768
11844
23869
27631
26847
15024
37263
788
18492
8665
30715
9942
23684
3487
6700
34048
25083
12927
29598
18320
25613
25642
11715
35358
23362
14219
3832
7013
7622
13503
11769
19401
17228
31265
38653
23589
1969
24836
6249
38179
31077
9065
5116
11433
11474
36845
27868
17976
6044
7425
25752
24304
26273
28943
22942
18247
35477
7532
24105
14758
11269
4119
20606
22347
39069
7792
18400
23666
2442
18165
8349
10040
26687
30008
5256
23880
19164
13105
8670
17702
392
3079
35963
21276
4298
23010
4049
30197
29899
27898
7943
6962
7898
27595
17234
14488
14492
32050
18344
21411
2063
39542
35345
31805
35641
26150
1199
7874
25712
1463
7231
32081
30792
9283
27046
4168
32680
27045
607
31186
33023
13066
39489
7313
321
13707
25117
16441
5266
5508
22968
36555
157
24656
2698
30227
32517
23363
6080
14546
22889
21931
2132
11016
38426
9341
4368
898
4334
21257
35043
13786
21143
6212
14857
24580
5932
27286
12351
16572
29475
18248
31392
3612
15507
25193
21780
28609
21190
8837
37904
25378
21469
27022
25862
38556
23869
14918
35899
9059
36738
19404
14453
31868
22746
33447
21009
37271
36650
25687
33731
27628
21408
9555
7629
14181
33214
2572
37456
27161
17846
38778
4359
21843
11162
32453
16366
3303
33487
6256
4160
33321
31169
33203
10691
27402
36435
31250
26005
440
29000
14930
5960
36367
9246
22633
11009
4246
13106
37886
6219
39075
34021
27118
21972
4230
18936
13596
30024
23362
34610
20213
15984
21454
29788
13318
21445
13342
38532
1898
25271
6009
11530
3922
24590
2723
24599
20767
8816
20456
39060
34724
20960
36391
29581
19810
15678
17626
18411
1609
4790
37253
37577
4080
8177
22398
15345
28853
19522
9275
28972
36162
36572
14596
31665
14697
6123
33224
29844
8319
2449
26120
9876
39543
23006
22245
19032
11437
12675
17750
36336
7971
12703
29364
2539
17211
7016
20314
23433
16746
21798
11812
22867
2658
29647
19505
14633
66
31845
32052
26601
19811
39769
28848
3078
20250
38114
36917
37171
10131
20703
35945
39438
12725
6574
28043
9115
21100
4945
39979
37287
13727
25083
9745
24372
27156
20579
30243
19097
33280
27469
3625
19397
36506
3642
1177
25589
27666
27719
38258
26015
26105
24647
6691
25035
31763
22728
904
14876
39933
23133
5530
20525
28788
21604
11278
8887
35839
20829
28170
26220
17112
19192
3471
9771
29757
30673
36255
7989
15200
29471
6573
22420
39147
27501
3615
34687
30498
1896
8087
37940
30944
13889
17194
7095
38217
9428
8046
24899
20540
298
24373
33433
2276
22885
698
236
34523
