500
1558
394
1474
629
1048
1909
293
378
1713
331
1073
378
1388
51
1633
505
1693
1832
1730
129
1944
1933
268
484
189
1658
1366
184
1984
1930
1755
1459
1705
1786
1026
5
33
1883
597
1274
280
1575
1291
1286
1118
1965
1783
1126
233
1594
779
1067
1205
179
88
812
864
1660
662
870
507
1365
1312
311
964
518
1273
1471
1270
1583
1898
1568
1225
123
957
944
1845
1976
99
1184
497
1373
430
1258
1236
1502
468
383
1012
587
1421
1308
124
252
1341
853
158
75
1286
181
1786
1467
567
204
1063
1909
1326
1129
502
39
935
358
1438
900
856
690
1944
1723
1888
619
1836
389
678
1279
773
1788
1800
771
1230
1073
1720
1149
64
941
1610
1526
532
1799
292
1403
1468
366
1888
1916
1149
1549
1181
889
1879
1915
1816
1578
1336
105
260
1775
1854
486
637
468
925
949
427
1608
20
949
1245
1313
1310
1515
344
1555
534
1660
1698
819
1042
1989
27
874
581
1892
996
1885
1574
771
1072
81
844
1218
1661
1778
522
941
282
1260
650
1224
408
1436
1887
1785
1599
677
568
870
287
1142
1117
466
1249
1393
1273
24
360
1285
1022
1298
1932
1312
72
1505
1173
901
1571
62
38
1345
699
843
1404
1834
1232
1615
985
1659
1141
867
663
482
1381
1772
975
263
1089
1281
1162
362
1380
342
1456
738
251
754
434
234
1328
309
40
1406
769
1580
15
1418
127
431
348
397
1784
1933
827
739
1482
937
339
880
831
339
867
444
644
1064
1224
921
682
802
745
66
1879
344
311
1212
173
570
602
871
1867
972
646
556
67
668
1237
612
705
945
423
651
695
624
257
523
1991
1450
1864
392
1038
144
969
1460
1346
1797
88
1948
1360
1110
1849
1716
768
1142
846
906
661
1134
568
314
556
112
1847
1113
1614
407
1318
586
835
1733
1968
259
997
523
1644
564
703
738
1355
645
1678
20
764
1142
1962
1043
1707
1851
939
1423
968
1650
1413
774
426
342
201
635
1397
1883
1921
1888
219
108
794
69
1032
247
743
1892
1691
157
1909
1813
429
1964
1301
1720
1323
1181
421
1814
1820
820
1406
1994
942
313
1586
168
1840
1681
671
1507
490
1631
1762
6
1912
1750
448
1000
1986
234
421
460
518
1473
35
703
1909
651
177
1068
490
141
6
1727
1741
1064
1729
529
294
732
624
1878
101
1550
1663
199
669
723
1638
963
8
1928
173
1451
1212
1855
32
305
866
1646
1935
247
1872
1157
1781
192
775
1667
54
146
24
1671
487
968
883
260
359
847
761
1846
1113
268
156
1315
1335
1218
1803
1353
1924
504
1916
186
1730
162
1583
1866
357
1807
679
75
