500
799
306
679
111
1364
1234
119
1273
1411
1021
1702
9
717
1493
316
1951
1733
413
453
300
239
542
1020
1567
1734
477
389
1137
1246
785
296
1357
1919
469
1773
1004
1699
489
1735
1870
788
1409
164
1734
1067
1049
1136
1997
1957
746
1352
1275
1726
244
762
1878
876
84
358
695
1859
1505
15
38
192
1679
1448
518
1418
1213
22
1939
655
279
280
1834
228
1803
300
624
349
510
1985
811
1646
94
1779
1996
524
267
585
197
1175
691
1347
1975
673
573
543
781
1329
1358
1871
277
1182
1106
1761
1991
1795
1038
597
1042
1394
1166
1780
1234
1517
1270
86
213
1922
1399
1388
1645
1772
1499
1636
1796
1661
1065
841
1317
22
151
1154
1819
1636
212
563
1530
1009
510
182
911
1971
261
13
802
1121
1718
435
459
478
916
1651
1026
881
384
165
1007
351
1371
883
1139
1682
1248
807
1210
1206
567
46
415
197
1752
1078
1560
1040
1017
738
121
1336
443
248
5
845
1471
1222
1529
365
903
312
78
617
218
1682
1678
491
422
35
567
460
332
938
721
1266
759
1264
1493
88
1072
193
727
1608
22
360
12
565
1003
184
1325
510
556
1916
635
1262
52
1267
18
474
1607
1161
660
389
1820
999
760
888
1948
3
787
599
1078
1638
795
600
312
741
328
480
1377
644
739
1155
1571
415
201
612
938
364
657
601
1848
1145
671
84
1857
1481
367
949
1076
166
1762
1767
1182
1328
183
877
1115
1186
404
1264
938
1468
941
836
1371
843
521
1718
244
1221
1367
1268
1441
1701
768
73
51
1363
1413
64
924
1728
563
177
1679
1105
312
1005
1669
752
961
1095
1939
122
843
409
556
185
1850
1256
1995
751
246
1427
1769
1798
1263
220
961
605
9
1767
1096
928
1142
987
1154
139
283
1972
882
617
1203
1728
1216
854
1155
1331
557
793
305
1832
1121
447
546
213
925
316
1541
1135
55
952
1115
1768
83
1475
1577
1550
224
454
1294
727
677
1085
1567
1214
616
1791
422
580
1038
234
1982
1399
853
611
68
1963
1640
1519
539
584
810
1691
1144
469
779
398
1600
146
246
494
781
1966
157
607
1673
1149
1941
1247
872
1418
816
1619
89
520
572
1584
1489
470
1872
843
1217
973
777
1173
1118
326
1434
1929
225
1294
720
129
419
1048
594
148
1290
725
17
193
1890
1602
529
1386
1787
157
1694
553
666
923
1703
538
742
1759
1998
993
1656
1963
1037
1079
12
492
425
1143
141
1662
1520
506
1158
1240
190
37
793
1144
962
759
1379
1893
1269
379
1514
1977
528
1015
935
1671
514
376
538
1717
783
350
98
1008
339
9
311
