1000
71
1929
3358
3052
67
3985
683
514
663
3687
1744
195
1424
1287
2171
1992
425
260
3968
2635
1828
2873
2614
2725
2955
3805
1903
3149
3547
1666
3314
35
199
52
3350
1386
1728
660
3296
805
3328
3080
3345
1739
1270
3553
3860
2408
3612
1150
1086
2090
2674
3678
3196
3701
556
1353
2649
3552
2876
3981
1473
2196
2680
906
3268
1427
3075
283
2808
2203
2278
1571
3906
3005
2901
2951
2860
2991
1908
1781
1670
1444
2436
1579
1042
62
3388
1303
476
448
1274
1011
71
3679
1692
687
3345
3392
1802
1621
648
3059
3726
3249
604
2789
2514
3195
2963
648
3600
2361
472
3029
35
3292
449
3830
3025
2534
673
465
308
246
657
3015
3457
652
3707
1448
1478
3931
3443
2908
35
3261
2026
2359
3263
3645
1807
649
2056
2547
1557
618
1741
1638
2810
338
828
967
721
720
2075
2116
1349
1255
3459
3044
3021
1170
1888
3804
2656
152
1699
2405
2772
672
1511
2028
1614
1329
3408
651
3780
1945
991
1963
1722
3903
3955
3764
2853
470
445
1099
3426
3221
1592
2802
3686
2536
3011
3151
1409
2199
3347
2215
2235
1698
3796
2563
3475
2397
24
426
570
2678
1477
162
3187
3068
3731
1103
1116
1229
3189
342
2134
941
3424
66
2558
2706
3008
1124
3016
2331
2893
3913
2963
774
3209
160
730
2625
1137
3144
1015
3936
3506
1206
2556
1041
3674
1014
3448
628
2281
2617
353
2854
3233
2343
2574
916
3070
3156
3289
2392
2049
1162
1135
948
1658
2907
613
659
1994
3827
3892
3213
341
3873
3306
1851
3527
2453
107
3300
1696
2211
363
3260
1968
137
125
1921
1547
3311
3876
1562
652
1333
1413
2476
3050
3133
1003
2994
2740
192
1725
123
1055
2007
1125
954
3314
836
1137
1439
2761
1149
1254
314
284
3002
1402
2140
2449
408
2204
3530
2220
3190
1149
3039
1525
148
2051
1782
3200
3703
3732
1015
3462
3381
1179
959
1514
3790
1669
2574
2451
966
2996
3468
397
981
2823
3730
1790
104
2206
3861
3450
2607
2390
2951
3439
196
987
608
2830
1327
2128
2328
915
2988
1426
2429
3964
2639
749
254
2360
847
3498
2800
1121
2468
2149
742
224
2763
1163
2959
331
2524
1808
1178
1635
106
3772
1935
2367
2784
3345
3430
3075
622
2410
3801
1490
1461
69
3860
93
634
457
1878
3766
3500
768
1709
391
1278
1329
29
3332
2942
2475
3674
1427
228
3848
1955
3456
1710
1307
3663
3875
3001
2373
1762
297
3986
244
1446
2605
3575
724
449
3062
2118
2727
3820
1081
2057
201
3251
2047
1287
3554
1165
1717
243
502
3018
1978
1823
3534
794
1657
2036
1540
3279
1673
617
3016
3027
3344
2564
1072
1964
3061
3429
3049
1487
2057
1202
1740
3575
3543
2674
2535
622
248
3697
1711
2210
2624
2946
1350
2971
2896
1701
535
950
1959
616
242
2187
2642
2766
75
1705
2723
3861
3242
368
1872
576
1413
1448
3435
3334
2655
2833
1481
1410
1721
2233
474
547
2958
793
2931
1722
2427
2527
1662
3122
2183
184
3916
3820
1136
1626
1084
723
912
3996
220
3153
3620
1819
722
3117
2898
2335
1283
253
3340
2199
1286
3967
1879
955
3666
2508
1633
3759
878
2072
3283
2249
1121
2350
3371
1868
1501
886
609
3749
3968
2699
2332
46
15
1267
605
769
2142
114
3536
3623
2760
3533
999
1881
2068
289
3229
1551
2637
3808
3250
3242
3957
3429
2336
3006
3488
231
1966
667
1083
3588
2595
799
168
725
428
3916
1275
2923
322
3018
2997
3531
1854
336
1107
78
305
1596
3707
9
956
764
2431
284
1941
3487
2915
836
3837
3440
831
3619
3371
1835
324
670
1443
159
3233
3907
3106
752
128
2838
1698
663
234
948
1151
3078
2772
2665
2838
1462
502
408
1532
46
464
2190
3039
3568
13
830
3953
732
1667
2651
1947
2033
2697
2821
916
753
3151
43
2396
2355
2171
1674
3148
3891
78
1579
943
3042
1575
1805
113
3804
1798
1577
3054
533
2652
48
916
1905
1304
3407
1521
1066
503
104
3451
3789
469
239
999
290
551
2116
2444
2829
3027
2112
1533
652
1943
1681
3811
660
2714
1141
758
2284
3829
2878
739
560
1170
625
2331
1852
1864
1662
3292
2115
1661
376
956
3867
1328
1617
2979
348
1366
1286
2443
1703
1378
2599
1759
2860
2582
694
341
3747
945
1256
3620
2192
3621
2850
3688
3295
1702
2055
2283
3863
3746
2796
1659
2862
972
2451
3440
3644
2190
1524
3791
343
2891
3096
1288
2664
1461
709
678
3156
3645
1862
3606
2435
896
103
341
487
327
2098
450
3370
3249
2758
541
2210
1771
981
120
3607
660
1436
811
1084
1729
1765
775
2656
855
3548
1813
3272
169
3415
2609
3776
3908
2878
2840
1077
2155
2244
1755
1907
668
160
1508
3501
1873
2475
924
2782
430
2865
2688
2744
2887
1704
3835
3504
139
1620
2930
3006
3403
176
1314
2582
34
470
2301
2222
2733
3874
342
1766
2340
574
1401
1313
490
2412
1589
515
2510
356
70
3467
1814
3955
3251
2892
2663
3836
2787
1185
1374
1011
790
409
1796
1477
1135
2176
2879
888
3618
3981
1085
3768
4
3689
1255
2628
3485
1762
579
846
2719
3513
1632
3097
2821
3975
1377
2155
293
2147
3689
3905
2865
2115
3827
563
271
2252
432
1882
1865
1442
445
878
2701
1514
546
2765
237
3812
1216
1129
2503
1052
2943
2682
2976
3757
3013
1969
2190
3532
812
154
1295
2516
604
3329
3048
2946
476
2002
2036
375
3650
2480
154
2439
1393
2485
2833
2597
3402
2887
2376
1729
2719
1329
3596
2894
1679
415
202
425
3380
3297
2292
2271
