1000
2944
186
3993
1620
3226
1668
3954
2015
1373
799
1264
971
1290
1540
2601
3644
3875
935
2601
3235
3342
1733
3970
89
2272
1388
3073
2359
1574
3207
2422
896
1541
3058
3795
2007
3189
32
3619
809
1041
865
3221
2064
1028
2563
2055
3422
1173
3793
2314
2347
254
3652
203
813
3434
3724
66
3256
3778
767
2656
2015
128
3522
1665
2216
2686
936
3387
774
3664
2591
200
913
638
1224
473
3476
193
341
3468
1951
935
2358
604
3387
687
1994
3621
3970
3257
1339
3937
3425
1582
3149
1382
1080
2600
681
1384
2051
611
3627
2796
3776
452
3833
2818
2382
3755
271
70
2594
2671
2228
2332
1100
1760
1771
1951
3980
3655
1236
2381
868
1431
2498
1490
540
694
2118
736
2708
2558
2837
2344
75
243
2468
2270
1110
1854
2850
563
2778
2128
2861
1485
1187
956
2548
1831
1352
1067
3316
351
3716
3401
3244
3070
3440
316
2117
3626
2536
2702
3661
3741
3010
3501
2732
2174
3029
2539
1566
2577
2091
1967
792
3026
2404
2139
210
1154
1062
1862
3046
1169
3587
1726
451
3150
3445
3015
2129
2891
2184
1100
3507
3443
16
246
1867
597
1060
26
639
3386
2280
153
135
993
991
29
1350
2747
2289
768
1232
2868
3988
2163
695
3683
1066
1663
1481
2768
1979
3156
2260
3193
286
2841
2862
125
1703
2761
2479
2756
3764
2665
3769
128
849
1536
3095
926
3890
1301
51
547
671
556
118
1354
3896
2140
3731
1261
651
3414
2049
3699
2657
1091
2821
2961
2910
2149
474
2253
1963
3633
2105
1676
705
2133
2737
579
198
3882
3076
2951
3664
664
3108
1028
1046
1612
3072
2963
3629
2029
669
2695
1983
2326
37
2711
1645
3020
675
198
458
58
422
1622
896
808
2338
346
303
50
547
3055
2761
3575
266
2120
2916
1249
3124
3384
2014
2536
3187
1598
1222
1465
3968
2592
1733
238
2697
1771
2089
3425
1677
772
1107
2781
3722
2360
1008
1955
2062
1553
3242
1712
860
1742
1382
350
1829
3234
551
2384
354
1133
1869
3348
3920
1106
2841
1046
3634
1511
1375
3216
1360
1963
3042
1540
396
775
661
1793
486
1658
405
2442
3437
1626
1276
3435
2042
823
3462
686
2503
3013
1652
3023
2675
3577
3123
3512
1199
1441
1558
2573
1064
2711
2814
2517
3275
1435
3215
554
3190
1473
1154
2246
764
1052
1420
2796
1437
1694
2667
3467
2460
1899
2399
360
2129
987
876
2675
2476
1838
3103
2591
2117
1361
766
1431
1969
2365
2531
2131
1281
3703
1530
539
2250
2860
3854
3390
2327
3098
2477
743
2435
2017
3223
2000
3839
52
3329
2247
1297
2080
3348
2123
3972
781
2469
1088
1246
2797
2365
3864
861
240
2652
1343
3534
2942
1932
2463
1361
1013
146
440
1913
2111
1914
3509
3619
3299
3023
3258
3842
1564
3034
80
610
354
1165
1375
326
925
439
681
1420
56
798
1236
736
1368
1083
1558
3707
3992
1418
188
1618
3657
253
1569
3737
2352
1967
3552
2855
90
1296
1407
390
1256
2645
1676
3357
938
3550
279
1806
2746
3004
659
3209
2974
3268
2558
1283
3616
1990
1919
474
2837
1622
1134
2427
3969
2813
2309
3520
1501
2105
178
500
2239
2264
3908
2755
708
1525
3747
3863
1991
883
3939
3701
3659
3464
2152
1341
1728
3383
2290
1208
2438
3074
3168
1736
1801
2432
2115
1137
2251
1335
2920
355
2008
1050
2669
3768
820
2833
1398
3722
2578
4
812
2279
2789
3766
298
3190
869
1184
1343
3078
642
2464
2772
1341
3018
1798
2585
1878
545
1196
500
859
3280
3329
3927
2481
1612
3662
1373
31
85
2100
3987
3739
1973
3468
412
3227
986
593
2991
3157
732
2729
2496
3276
1958
980
2310
2784
1665
3905
890
3110
1656
2111
869
389
3439
3377
3341
1834
901
229
147
710
551
875
3640
755
2596
2220
1577
1391
787
1772
2019
89
1302
1786
3710
3240
1262
3505
524
3903
1379
3851
2849
1138
3027
2098
2369
3519
2047
3327
407
2226
238
384
3512
2162
1452
1885
3114
2954
1672
1616
2504
1177
2307
3509
736
510
177
1484
1781
1209
1230
499
361
1808
3737
2624
3254
549
2762
3843
787
2782
3776
1935
3234
487
2553
3264
2560
1689
417
1113
1130
2560
1183
2249
1632
1568
3180
3316
1776
3063
36
834
1648
1703
622
2552
2348
1074
3239
3341
836
696
631
1102
155
129
117
2032
2304
179
1805
2542
3720
215
1873
2192
1833
706
3300
699
2625
1944
2268
2390
2624
941
533
2014
3757
306
1085
3868
3690
1750
153
2899
2171
1433
3666
707
891
785
817
1923
2899
1367
3710
1573
1871
3552
11
2040
2989
3655
5
69
1921
1298
3219
2910
3119
2019
1618
2027
179
3429
3136
2808
2572
3886
118
3652
2138
1569
3043
3668
1612
2219
663
52
141
2341
1703
3500
468
560
1498
3972
3767
1584
3449
2535
1748
943
3209
659
3724
2388
36
2904
1602
1925
1824
2954
538
1626
1579
1074
284
122
274
788
3997
1353
3339
2661
3844
1934
2889
1216
2071
3105
3332
3272
3704
857
2491
2735
2625
1936
3727
1975
2367
1071
2127
194
1087
1988
2996
1882
1848
2288
3488
532
1666
2407
1108
2295
1666
3928
566
1721
2964
1740
446
2075
3820
1570
566
813
3119
3983
856
2541
173
3649
2096
5
709
112
2530
828
3260
240
2068
3151
561
3893
3490
2719
2528
88
1854
633
3956
2839
859
1967
3364
1034
2482
549
597
2476
2377
3375
1540
724
839
746
2722
1731
2468
109
3414
2821
2425
1747
1689
407
66
1478
1751
778
433
3272
3404
2580
2491
2679
96
219
2274
665
1447
3166
2727
2798
3267
3489
3550
2917
