200
435
1
633
634
696
54
558
214
919
191
464
890
309
31
765
624
849
122
117
72
701
494
385
208
310
782
682
964
566
896
831
764
441
763
993
474
947
844
715
427
145
886
421
53
350
320
145
640
498
338
733
204
368
363
150
769
838
672
427
155
712
442
645
236
979
131
707
472
658
168
145
784
928
79
759
138
895
340
923
113
264
777
110
373
209
350
886
352
422
480
715
607
332
564
634
4
478
681
72
931
752
610
214
880
445
241
94
233
642
14
230
437
717
948
876
681
573
399
327
1
651
368
374
405
991
425
486
869
338
210
978
467
809
714
609
737
575
138
61
39
956
735
516
135
755
957
94
343
689
329
572
226
320
772
484
558
865
29
632
515
430
789
302
73
754
215
704
366
483
45
894
40
799
882
615
5
226
254
875
256
182
957
986
100
377
591
538
108
605
219
53
628
799
527
319
330
129
738
41
125
