200
78
348
838
480
203
64
90
826
612
843
782
721
868
777
428
248
792
944
426
380
679
253
231
869
704
810
82
775
72
717
3
854
746
766
250
411
634
942
933
388
840
259
339
400
387
99
914
436
386
513
694
528
962
90
916
345
335
927
742
74
133
991
856
999
531
352
41
245
243
746
637
613
877
856
897
93
304
374
161
476
37
870
690
615
560
886
963
832
665
478
852
9
757
339
895
359
545
4
156
471
348
130
367
304
858
899
630
647
644
614
905
181
270
398
777
364
315
465
928
744
639
133
893
947
168
68
863
934
851
370
626
122
156
401
573
76
401
893
79
616
352
509
316
661
812
899
719
956
369
10
821
821
925
146
78
599
305
433
530
581
734
280
653
967
850
360
471
578
805
878
532
33
666
429
454
54
43
402
988
684
344
702
460
19
426
699
295
70
566
636
585
933
206
942
785
40
423
175
407
800
