10000
1877
27969
15377
4643
10168
48933
11054
5563
29786
15300
13383
22173
26959
23126
44348
37517
32278
11326
47493
20854
20200
39327
24322
514
7349
40202
8015
6663
35005
15967
4271
44662
20774
13447
28161
14525
13374
21964
2116
14541
47308
31182
3289
43867
37151
44847
16088
16685
49526
20102
6453
14396
19877
19334
10518
38592
1857
37484
44456
36806
39748
26288
27320
872
15244
39560
2341
20056
28933
45376
10075
47201
23350
19243
34880
36677
36873
6878
45237
29459
21927
17073
26441
17509
37895
17138
21705
2132
44681
12062
37842
40369
16458
9310
28086
2077
7616
38468
23092
39572
46794
13051
945
5635
46513
36103
40301
48493
7314
8836
19745
48725
42198
8967
12830
5864
25823
19543
1325
22791
38747
14999
39572
45677
14539
20448
36112
30423
18209
14314
32374
25783
30769
27490
18992
45459
18473
22713
38161
17787
42763
2381
5875
9994
9525
9433
2883
5135
32765
34537
22269
20997
44042
28378
838
27948
24389
44078
37261
14470
44823
28403
7086
17932
31465
39888
7735
44370
12445
13146
20289
5899
46415
9585
45902
1891
29798
31651
49153
32492
28131
11468
7247
13934
41904
22142
41739
25247
28687
20985
6336
16232
28274
23070
25219
671
40014
26404
13584
3186
3791
43099
48761
17285
41261
34307
22365
7586
10153
34261
21504
26464
13843
3609
43227
7886
49874
44457
31375
26219
6831
4688
41100
27405
46024
24098
1471
28717
49078
9695
49239
24526
10474
13974
1960
26371
45598
12865
3196
49846
16451
41316
4849
41244
2071
6507
34094
23261
45079
40750
19972
14103
32438
1501
48227
38095
18471
5226
31051
31636
41851
23045
35504
44187
19464
36450
24509
34934
20047
8725
19405
47648
25054
1749
32543
38944
12213
41913
33575
10358
41383
6255
18176
28305
14410
36267
17864
8319
49720
17399
36963
34399
7526
16578
36864
32741
29380
10470
9236
43521
33387
23098
247
46613
31166
36661
1680
46300
36600
27090
19569
30808
48459
23634
48590
16279
27854
12439
33104
48203
1216
14126
27659
31464
48575
32639
25497
30645
42901
41107
43630
36378
12691
18738
1536
30182
37642
32533
17634
49737
39246
309
6172
37185
8044
44730
17877
15740
31162
13819
14890
21167
13667
4367
18778
6435
14491
23270
34818
13161
8404
33421
13894
36813
42075
37249
4245
18429
10979
25453
43924
8076
32922
34916
42874
40659
21693
49965
31306
20798
27157
34666
11414
22795
17209
28120
5669
28644
33721
36861
45679
18590
20956
4023
44718
39887
39359
19005
29654
8229
771
15261
40903
42989
36076
19207
38677
31039
42938
15679
43860
48630
16795
44044
33555
39106
4698
20159
42579
15521
39092
37291
35501
37129
3366
15232
36047
18727
21740
43156
48176
26634
6141
19718
23588
31115
28284
45041
6372
47656
34349
12320
14389
6056
39519
22134
14616
19887
38996
12451
42836
48466
44619
38036
49453
15221
9357
4710
45145
41160
18564
21284
45154
16018
42848
12793
14706
17522
45133
26089
48732
49423
31566
7381
46326
7670
24198
44606
45890
29244
17
8744
2693
14126
45585
26180
34562
48141
30218
35519
43283
20591
36926
22906
22902
46235
46761
12567
13677
6412
38646
14215
11692
29359
36060
5568
41054
46059
28892
25152
36529
621
23163
43609
5767
12965
16828
27985
26681
21076
37383
4443
7115
16575
47764
2449
29939
27735
15209
29864
37426
27393
13331
45473
28399
20857
31877
40530
11220
44396
25212
35855
42846
2017
23311
44477
41551
43246
44897
567
42983
44833
47663
44128
8058
13251
10971
11272
7277
35702
41101
6891
33515
28990
5381
48069
1491
26049
47079
27216
17316
34508
7707
46346
18717
6691
17599
31323
14104
11905
43599
25732
24107
651
11625
30307
36386
14477
28414
3744
17266
14948
14724
9200
25716
16905
36492
36317
9233
22101
29583
15793
6800
13108
41439
23793
7810
32641
2944
38525
14814
8029
15033
19306
5236
19029
4414
32818
46720
9398
1972
32591
40535
28824
2310
8684
11706
47136
1233
22957
15864
19392
41106
6196
20085
24531
4802
37852
1528
5601
33393
15808
25754
16033
39797
33047
33625
34670
6739
31314
35026
15343
9868
44683
44855
29287
38072
12469
9189
20249
49234
24887
13227
38050
48496
23829
45867
34415
36504
21092
7966
30189
47974
3532
13707
35038
12707
42237
18269
2036
44690
35385
40211
24137
47623
49098
39116
44403
30222
12640
8357
40081
33927
9636
36799
45945
6567
16506
23121
6481
28819
36551
36587
37781
15395
10467
40971
8160
21467
41853
26007
7212
5908
25747
13429
39562
21328
26017
46036
49772
24055
32889
2565
17222
49703
39469
41794
2262
25530
35948
12639
37264
27177
27369
7713
39340
46241
43540
37043
44173
36851
15626
39566
29793
38999
36047
36391
7616
24694
34508
5748
44614
27999
38576
11547
33722
45222
48814
21688
22114
22528
12905
45032
47157
36639
21368
10734
25155
17817
18834
24286
12911
58
43473
25865
14873
21911
30158
3174
14506
32251
20732
19355
11782
17962
26703
40260
25973
32551
33136
2797
49940
1354
21040
14875
9189
48521
43296
37130
46162
44092
28774
23666
16034
47150
8426
19430
12061
43333
42463
4233
25289
46536
35643
39358
48404
415
33524
26046
41612
21426
47728
34483
41157
36477
11048
41718
4305
19673
49019
12217
28349
47683
46972
48485
8118
5090
32325
5481
43793
10468
30638
18533
22206
791
9507
29827
8090
47387
25266
28837
1811
374
44549
36231
38769
15073
19726
30445
31422
18724
40779
48494
26154
17357
48849
17566
3738
44039
47212
48933
34271
6032
21224
49456
47458
26279
35918
34067
29743
30602
5463
12877
40782
35540
15786
45713
31650
26938
39679
37879
42942
35592
31002
47728
45154
27141
721
23445
24254
15075
45485
26270
48519
21617
31502
16644
36115
37907
45624
18435
27937
49903
24
4487
3863
33384
18037
44965
24790
28401
40582
42959
9465
17546
33968
27837
536
34583
30652
37023
7192
23951
6157
19319
3825
37091
37364
38417
42829
4650
47270
36413
27321
11846
24904
34940
22827
41279
44653
26932
47591
38149
1075
6156
22750
48327
12437
21899
1253
40610
34792
33209
15935
16886
6275
19309
6135
26356
36658
22316
49099
2108
525
43282
30957
41965
31511
12585
46570
34362
7489
13520
7146
7035
1808
15446
24687
20843
45729
5171
30585
34917
21860
46628
48205
42804
31845
19440
28027
38934
6357
44038
37744
39244
19941
47022
43311
17417
48523
26880
16029
31721
7195
37432
13557
32586
13131
38538
1107
29501
5967
11233
15168
16788
36720
48322
21456
46779
27117
7106
35024
28129
38197
40885
17097
20460
8007
16206
39958
33286
20620
8275
43455
21213
36336
2102
26851
37916
332
5264
4796
32726
5767
32540
10627
11025
48711
16327
17658
40956
43362
2061
40697
5007
34131
29804
36851
39259
41306
34745
46160
15875
24448
20000
13546
13618
856
25607
18517
45329
29907
35605
27375
8518
4099
36700
25688
35905
22255
26211
787
19462
39836
7018
12298
12352
34458
6941
36602
43435
30495
16813
4745
22854
41097
29111
48515
25621
11552
48888
45038
14325
16789
41490
2548
36578
33589
10751
42678
26873
19229
16326
1118
36992
212
21198
20000
34044
18558
18592
25433
11666
5764
25025
6051
30799
5794
12635
12033
35747
13104
11953
40280
10496
6613
44434
35838
34102
6197
21179
40325
1630
23012
19806
28613
29206
15009
39721
9055
11609
28722
37071
48424
38811
43137
18991
37994
39389
37519
19562
16485
25515
20320
30564
1831
22828
41529
26536
42299
37313
26528
41328
25729
4367
4896
43659
12712
42572
35891
5327
21954
5788
26169
27162
180
42234
36453
30534
10991
19386
19245
31766
9524
49929
21717
20733
13217
15102
44055
34538
26689
17486
47324
1945
35632
8417
45166
48636
25427
6032
19361
33145
44512
38683
40368
18493
42286
221
46365
25667
6191
17675
14488
46743
4335
33614
30744
4497
40879
11878
2483
30023
5633
32092
32604
32529
43683
31018
40168
46380
20236
22725
12520
37812
41367
21333
23944
4695
14604
28413
8848
43247
42177
12492
48287
23093
41368
19677
46919
29484
16006
8995
46721
16079
2059
4048
25747
24805
26370
23519
23607
6949
30876
42914
34621
7024
24972
24641
7283
21894
36665
27757
30302
27795
11789
49112
4298
47813
15032
33603
5016
46380
48541
45255
11884
23910
34804
32885
15655
8212
28557
13083
44058
33625
6133
44192
20909
43421
38436
9150
22534
7173
43323
14052
9182
37969
20389
19319
25701
46146
27605
30700
24567
37377
12247
18819
36927
35507
27309
23407
4661
16699
18512
637
43921
44897
1345
35462
45220
10336
44240
11968
16704
6564
37102
29622
24015
16222
41057
4342
9843
16423
42141
44762
10219
38713
38525
27578
20227
16266
14665
23890
24495
14353
24505
46529
23348
3520
32496
25624
18693
49057
20396
25540
47941
39624
7788
15380
24534
47911
24443
17962
13085
1063
45590
26673
32193
4619
38719
47845
36802
7064
10167
30751
23204
26127
38519
15621
3453
13363
46609
19229
20440
36161
32699
46358
44329
40140
29343
16026
29622
24184
36140
14109
35578
49593
23684
38455
18202
48331
7560
835
26287
23092
33015
30382
21340
10403
11121
483
10669
5926
18550
39626
40506
19761
20806
10142
38450
206
40040
48830
14554
28323
47698
46798
6652
13596
37479
9634
28686
1124
15688
26636
28735
15333
18911
20232
8288
46249
13447
16833
16798
11645
14119
19493
18614
8615
24224
19341
45270
46830
33935
1346
1854
12062
9392
31780
23528
44278
20238
36258
29683
15400
36534
6595
31585
42000
29018
26650
31269
23115
27563
31290
10814
44261
12557
39049
35594
16760
14706
33702
42398
32540
45149
10719
38249
18765
33001
47728
20454
21990
39764
42242
29834
39008
42063
2776
20861
43032
1407
23204
31894
48422
49714
7144
32745
6188
12346
34864
49580
1407
8964
16976
29854
34073
23288
24116
48650
16778
42553
47715
17746
21346
44894
42945
37416
30432
26481
39446
46708
34133
33863
24536
10557
7596
5964
2659
19119
7942
32597
15938
1908
6357
31400
23276
42213
9703
42080
24761
9214
3038
39289
28267
44869
25297
13639
8291
15512
34564
2006
48438
3801
24076
19791
38105
23
21788
16917
27788
10480
7561
31773
43970
25178
38073
40148
19382
47674
7243
22554
12483
20830
26455
23976
21475
16822
4619
12067
11116
10405
30192
42805
49108
35665
31346
15472
21266
39227
11233
12046
9828
7679
34297
4973
11323
16813
7883
9518
49892
15486
40262
22419
48863
38911
25161
33450
47889
544
13340
4845
1658
7914
24254
13789
19812
16661
41061
49814
9013
3080
37114
49486
23870
3027
46088
34740
45960
5196
30238
9769
25524
20300
36216
39995
28111
22787
10118
4703
32890
42047
15579
37136
7678
26758
38010
8174
36960
5711
37822
2668
44901
49481
21448
18431
19404
30425
4317
18279
14071
11078
29691
49691
37263
28699
48563
1349
45533
5204
36000
26611
46616
16566
15539
37335
23516
9048
19777
49705
44973
43663
41628
8620
5008
38329
6085
34212
18119
23351
8930
30137
16685
28182
34742
2695
26652
12026
47191
44970
4526
25046
38642
48990
44583
36219
18901
28366
38584
8414
22980
10045
44850
32009
27149
43171
42063
48563
46123
22368
17440
22640
44464
15528
37168
33086
10204
6316
39343
2007
23861
36466
1969
2537
28944
29301
14860
7304
27173
16220
34594
45466
4378
31220
3009
3042
49248
17382
29035
3379
22244
45402
42888
11302
49217
39335
6110
6883
45614
45241
24180
32272
15334
988
47925
2079
27759
6888
46130
45101
10249
13654
5213
23693
387
39845
28747
46950
41252
11286
33487
16885
44859
18525
48758
45937
2732
41312
81
36124
47004
47136
9143
46062
47915
21865
24373
3568
20031
21247
32116
18097
44903
28333
22072
15865
7601
25988
42187
44181
9886
32797
30779
28730
43179
11694
20815
22608
19427
47997
1394
15949
7087
19397
46225
36644
10303
47400
21817
34748
32911
21661
81
43335
18719
2131
18994
38515
30792
27617
43825
1515
40156
32382
44841
47380
22692
23630
28333
18079
20138
418
38536
5896
38394
38100
42780
33701
10626
40449
10738
22649
20329
16629
33100
28180
29735
8471
49156
19307
5310
9503
28781
29610
19288
32610
41605
34563
18164
48524
33523
43132
40614
35303
43996
24086
9268
21487
19194
19234
49006
42560
28132
34830
21547
42276
32416
35601
34532
21026
17901
22663
7168
21087
4829
8287
11017
33677
19189
44145
48056
12555
34320
27650
13698
11896
12972
40904
32175
42844
2010
9656
33912
44715
25468
10956
5961
26977
149
6476
5842
23469
44870
28917
17328
2010
22145
39043
39337
7210
34752
46796
20854
38244
25172
24162
45893
42256
9259
48251
31471
13100
24213
3570
14016
12014
1966
17151
21683
40921
5684
22422
44981
13964
41176
17492
20475
13406
11050
19329
44996
16040
11102
28288
36408
29662
6143
3775
20809
30982
42233
678
33707
41044
7758
15951
20859
25569
35455
30077
582
39728
42648
21427
27231
14529
46718
40823
14369
40261
10233
863
2454
22262
26766
43763
6214
35474
48266
9957
12970
34415
20816
39507
37375
49451
5424
45021
36622
8147
38986
27812
30898
41982
2540
38026
28619
17722
38916
32095
508
2532
36996
35687
22382
4254
39022
36057
31477
31795
13602
31298
32726
19658
1917
42036
31798
8218
19553
11721
39696
8
21407
16835
32111
11426
12338
22876
32459
5205
11197
20736
25776
1129
4374
23273
17838
16191
10589
35571
23520
27529
27312
33148
41121
13291
6272
33520
48654
10613
19506
31859
28557
12092
43883
32829
34591
2872
12187
23058
34301
47234
30303
44514
47971
32263
23874
42165
46365
5522
19277
22011
48991
2304
8674
40201
25657
45676
24562
47630
29652
13353
12579
21489
29845
23030
27219
16973
34902
39371
3446
49207
5410
33627
5945
39592
16143
10057
5095
35879
42378
13323
7500
681
26996
26475
4112
32182
6625
35989
21715
49710
30043
19773
4070
27547
25149
9870
24270
9656
42080
26505
20827
49140
25883
32450
26484
14401
21610
21318
33547
33334
8469
46435
48745
23631
18040
21148
48335
40474
20319
29220
11299
25500
47868
22621
183
8704
35394
8829
14402
10088
33578
18125
17482
49130
26296
30186
33555
443
23370
4575
39988
46936
20395
28268
40102
22165
41498
16250
31727
427
46636
39901
37692
45452
26262
37767
34090
38304
36733
10790
5627
42728
47961
28827
41188
37875
24563
43234
25511
17736
17603
34673
127
35003
48408
35184
5363
4400
14690
12431
25633
35439
16745
48823
15545
44517
28282
36913
44439
40505
47841
29396
38563
6609
14902
18063
80
11709
48944
265
30628
20387
25170
9249
36446
8836
41241
31758
764
14191
23667
14420
3282
26505
44932
2249
10023
34926
30587
41439
6797
12306
48720
3899
32111
11275
34701
17791
39680
45509
6271
12924
48515
19587
26390
49341
3619
13731
46636
24612
40899
34906
46441
10790
22825
49724
10742
44942
17942
447
43864
15237
48359
47964
10288
8608
20324
36029
21711
34969
39284
18450
2303
4604
31484
44158
40430
2897
26020
45045
1952
11929
34698
1368
501
26201
42208
33299
38676
24876
49274
3417
38272
8072
11399
47132
36301
19482
41606
15175
40897
47579
49425
38845
41316
26534
1142
8319
28559
45406
22031
41396
27296
4735
1154
13031
16159
15835
25950
35683
28191
22165
49958
24276
12667
42560
20152
953
19259
44742
11703
33786
11489
28697
15702
33439
14015
42554
27317
6373
12219
10039
27254
49106
38740
17264
21714
19146
34211
16320
41161
39004
40856
36885
4877
12863
1820
3848
30476
25679
27815
45607
36220
2663
27177
31091
13907
22995
31678
31012
16632
45459
35174
5308
24711
18006
34263
25895
22437
11553
16623
25038
17866
8265
48409
6490
28933
15799
27421
16511
5331
38074
32604
44459
30336
33200
16797
9467
37485
21921
25232
22337
46400
38202
36248
31417
13352
28066
2960
20571
42796
19252
47506
32728
9166
25408
24170
33141
21297
32659
24297
37972
36820
33707
29558
26328
17437
12681
31155
13855
39903
47597
20350
10142
27359
10016
20366
14971
40948
13375
24007
10980
18268
47820
43948
24872
9319
34942
45351
20428
44964
4624
49781
28520
17480
21847
25032
41616
12557
1846
34148
16417
36771
27139
47686
34187
3149
16325
16774
22140
34902
38175
18683
42227
28347
3590
14529
8767
23828
9056
46142
43402
32257
28705
41720
1652
37910
12247
32243
41530
40121
32895
46628
43416
18244
30871
32333
37896
27606
21231
21764
49794
3826
12825
4926
35475
42350
22277
39457
33798
18679
40279
30668
43986
32661
14066
6423
37219
30459
5326
22093
34951
4520
40388
4140
40604
28586
25616
38609
33921
2223
32902
1968
12099
47649
11823
9170
24259
41271
13180
33448
3383
1379
33437
33524
13920
10002
30908
42459
41902
39253
41646
45915
45027
37564
31943
48233
29961
26228
2524
479
30450
31799
13198
19376
48675
18307
22162
37113
29584
49181
40821
25982
30112
6720
35752
11408
6272
21337
38660
19987
42681
19268
3784
39216
49992
31778
2465
33825
13664
23775
17290
27495
26180
16882
4627
26513
41024
21921
33136
41156
20084
5519
28555
7305
43187
29185
46036
47303
27079
46219
35529
33125
17029
22365
17887
10118
31114
21785
7348
47746
5595
28697
31519
22980
42627
20788
44327
16328
504
38594
17088
21186
44978
12910
40031
39637
34826
2646
48229
36774
9769
20051
21344
21676
43320
18753
1241
22604
33652
30309
13217
16744
20697
34197
20697
1124
31499
46803
6001
43269
48589
10291
31408
21010
31887
25873
42209
36295
19577
12907
41030
36803
5890
8215
42385
8480
47543
18214
36122
31489
29566
2689
4463
5443
1459
20340
12080
19519
39606
13384
15053
27845
8082
43122
41268
21957
43622
11861
36635
43234
6009
5364
2482
39336
28848
31103
31481
32706
40436
1171
29040
31359
32628
2792
42873
41999
28837
42565
43411
13824
45641
33126
18282
39784
13180
40517
13604
2321
37066
9585
2080
35309
20693
41490
2831
8399
43730
36322
34301
26408
17931
48498
30289
47644
15282
17655
27692
32689
13923
40069
7950
31854
17282
25936
13996
34884
44320
8208
19046
26962
27822
17086
5422
1144
1979
33430
6562
34478
30342
41985
1128
2994
18011
41796
38876
15078
27896
9726
48172
47787
3843
37948
46923
12400
27378
9366
22862
39648
38284
26299
44488
32562
29320
46268
47300
6527
38641
11435
35489
46106
18937
36785
4207
21950
11079
42187
30561
1470
16587
4405
16338
40001
41799
23435
48499
36872
43660
10364
15983
26819
46460
39944
13607
6833
18943
33790
29218
29415
38940
22611
38029
15305
25756
35165
20575
49510
7351
16187
38277
9282
43419
12418
29455
23572
11553
31894
27177
12888
30718
46770
10315
35501
24771
43712
2022
10180
21174
19430
28797
46857
21148
48688
19536
17013
11254
19064
4288
25359
20141
33701
5651
21498
8381
43884
25509
43349
22229
30291
3294
13671
45719
17446
44705
18373
35567
11154
2999
33920
44370
3187
43303
10537
47274
15723
8613
12201
34940
33742
47507
28476
3585
25887
33326
23113
23732
7199
5590
47116
17986
7238
12958
5786
29387
48328
16876
23896
40782
5273
8003
14750
45171
43265
41323
37023
12281
32404
4684
5154
9514
2014
190
22428
5856
22549
23963
3113
10336
26230
12078
8503
1400
10511
47893
46508
31115
31141
13828
8807
27251
6581
28192
9172
35917
16810
45485
3654
9480
40506
47743
27638
1602
1136
12641
46599
17009
8993
47650
41664
26158
22109
37553
29752
47696
14536
19317
49312
32557
4223
46782
45206
43495
2865
20158
771
33514
40694
30761
35708
7815
47143
26769
27046
34992
28304
39862
19863
32327
48615
35797
35210
43344
47360
49088
37644
10327
44953
4918
45597
11735
12187
46557
8946
8063
49742
22804
44049
20493
15686
33605
22631
36154
15960
40115
38822
37278
33028
15584
7189
23085
2560
1836
16365
18085
47411
13469
36914
6770
17154
23070
37933
22631
2340
9265
38185
46337
8914
12281
17716
42141
43449
12861
2141
48636
43334
37156
32066
12392
16886
21063
1902
20632
48095
4200
38314
11222
47833
4810
10008
19082
21283
10358
49543
18500
22312
3455
37069
39314
8225
10654
14517
14803
939
28920
6373
14041
43513
42718
36209
33149
7568
20381
20880
33479
10067
48915
21023
49486
15781
12080
16920
21481
41420
29521
8919
14063
37430
16978
19771
13633
42208
23225
34138
40468
3615
40639
6737
6418
9167
12773
28084
9689
47108
13910
35587
44703
18676
7872
24739
23650
33343
47040
48795
25869
38236
24328
23244
41421
40733
41892
9242
43574
27436
42387
42448
26121
43057
14115
36782
35722
46862
32501
39455
10910
43802
8271
32049
35964
36722
10697
49109
10305
19518
24485
14591
24592
35008
17651
44373
48048
14711
33093
19948
14521
29169
43942
33807
42377
10213
39618
37192
10529
8160
42424
18544
42623
31899
1272
7686
21640
25978
21520
6397
41177
39673
19478
48518
4345
21330
40482
227
41708
5884
27376
25097
41989
8796
3138
36312
27293
29211
29576
48980
26943
6243
36705
35420
21284
41786
19522
42851
15962
40426
32934
12898
25859
7238
30919
13332
10503
16576
13752
37899
38048
5321
23435
24859
44708
6378
36175
40319
15646
14045
35324
2218
29996
44153
123
17989
27842
24769
34831
23059
47483
41636
35256
41663
31667
36694
1904
14806
49605
37241
20673
26840
41319
7991
15895
38473
37076
26988
42243
23097
30400
42205
24704
9365
219
31763
23618
14830
17787
1115
36500
35910
16139
47385
48766
10441
47732
28185
32585
35459
1860
34665
3110
19511
30969
17438
26468
31355
36277
38748
49801
26546
49638
1180
25228
47732
30725
18566
47896
22650
693
6297
32377
1690
21037
36437
35459
89
28602
47021
16858
39059
12206
19613
657
1910
21768
44115
42347
42692
27151
15061
37811
41677
18673
31706
34489
32737
45460
34383
43015
29978
25958
922
12206
22281
24452
2561
33382
25224
29489
8213
41735
41181
24397
27441
33942
2608
12796
1228
12337
43817
3346
18346
14415
8928
24839
7692
46139
17503
44158
42704
16032
19071
5063
44838
30156
13747
19537
28502
43869
28956
27423
2705
20140
14347
37240
49927
14657
17216
23777
41028
12997
18300
35409
4567
13142
1848
30250
16093
27122
30054
9671
42341
44021
1081
16610
28529
49633
7231
10846
42192
47762
9637
37249
41415
3403
45420
7051
31080
45583
48787
9668
16250
39549
42002
38573
19264
10379
13829
14042
9648
6255
39035
20792
41310
48969
11594
1075
9101
13674
16511
38969
36524
11746
24900
7134
11196
33561
37167
5268
23216
7972
16845
6188
23549
19985
5047
34466
37771
24178
17591
9787
43580
34274
18651
8280
25836
44832
27681
11759
19538
34011
31293
14792
24553
30050
1122
38712
35793
22178
9894
23296
43214
42112
21727
413
30521
33720
761
28523
23548
305
38329
48182
21349
19044
44311
29142
4771
15857
47482
11830
29362
9942
22944
23446
14659
39273
40365
6952
34931
39154
19637
11288
35833
48237
34982
35507
30518
37491
45921
35531
27490
29637
9204
2321
44575
38607
37505
24539
36351
4291
31712
14785
9368
2063
39763
35696
28555
32379
12551
44035
18188
14255
40238
21564
24421
21044
21680
13921
34220
44756
34988
10264
28761
40004
23487
1026
22015
39004
22180
45953
49563
29338
31110
24194
49939
48586
8309
48621
5245
42606
18515
20796
43996
22035
48161
18970
11271
31131
24952
37919
46437
46355
19231
26249
2796
35370
43471
11778
12498
23744
39950
30959
35042
25108
8796
32855
20664
17345
40244
33730
41419
42556
14874
41145
36851
33692
11597
9682
15370
40063
26063
45383
2045
1690
32641
32
24419
16870
28425
15103
43925
45042
16202
48270
10374
6609
35784
48848
6913
385
35646
40964
47607
30183
9798
4251
49421
34296
32320
49729
37417
48540
13514
12740
21152
20131
12945
46575
8758
17176
19297
37941
22634
38892
15840
8392
48554
21733
14399
17187
14329
13417
38640
13338
10979
17183
37592
20127
9478
7960
41830
21981
8008
35605
4267
46762
46815
23571
39595
30140
16048
7124
26486
2899
39007
9727
49928
37145
13835
34503
4637
24775
20485
21881
49087
44674
44082
26670
43561
5754
5332
24578
6634
3450
16290
10760
33605
13714
17978
42799
49867
43116
42046
18869
30763
18456
19861
18507
37966
24382
10715
30480
45442
31763
37027
21864
27006
30973
32841
7046
41306
45231
9279
44513
17612
40446
29203
19897
31122
3132
38740
34407
9144
27132
41523
17903
26634
32882
47275
33183
8257
19604
30742
17252
25740
2204
26413
30622
39234
24464
21499
48771
40904
43246
45952
35461
12953
7666
47583
27960
48333
36380
26485
25137
1879
28509
4377
35197
36271
35491
47602
7013
7123
35746
25251
17291
13154
40906
29124
22373
36042
18503
15998
3531
25101
15967
32700
9432
34141
28316
12438
22429
5424
9844
45715
23546
40571
2394
5228
34405
15897
14203
29917
41628
46207
12667
39704
21872
22901
30602
8272
39669
23176
2165
41326
32879
36800
39076
4253
46337
15522
21787
38501
12698
23617
39272
40936
35724
45416
2250
7811
26403
25308
14653
8444
15173
8619
13218
6974
1169
44374
24292
18483
27663
6445
24448
43890
40106
21975
25808
36013
23890
14330
25144
27749
40707
33089
15374
22284
7918
21752
43606
34282
28475
44073
32212
30832
28176
43168
21604
42642
22217
37687
1719
21974
39742
26359
26005
27652
776
32853
42939
35656
34103
40278
29377
47412
31070
26085
4170
9763
10408
48605
16985
38302
41043
13669
41743
43599
34706
44044
24332
41810
42242
11314
31015
28910
3256
34495
36875
16109
6262
9936
46173
22730
29498
22426
12883
36922
18427
49391
31987
30246
18515
31014
48463
16424
42446
23077
10266
10226
11470
15387
33850
11951
4471
39901
876
34942
6620
16314
4534
215
3790
45506
23685
23383
5924
16000
5676
36773
18524
45214
4609
36895
13617
27252
39238
4091
10855
17136
4775
10022
1562
47888
1170
874
11492
46158
48309
48
12500
33310
48552
42963
21867
40937
9054
49879
15078
9293
11453
16525
45704
25012
45075
44115
46138
36644
46419
5714
4636
28140
31947
25839
36587
6909
47777
16104
18102
39925
43108
40527
13590
4219
25381
2899
42200
26313
2362
42054
16838
14117
16780
20494
37922
4526
42232
31752
37724
48468
5602
2959
16665
30201
24024
29564
30229
32602
30143
37202
15517
7523
25313
2718
46449
28939
19734
17490
17619
7856
30883
36141
4897
32934
4934
20010
34572
45167
30736
35019
28385
45049
25502
17324
29677
10458
49161
33044
3377
45168
9701
42896
24450
18884
28165
37073
25552
18525
22692
33056
2485
6443
10518
23147
22212
6352
3669
13153
32046
14023
19001
30266
7455
9556
16956
10521
46566
42840
47756
43199
37113
45112
12837
30133
49762
38158
48688
12525
38587
44505
36416
32913
13106
40941
44654
44209
15749
17074
30224
34251
15503
22579
28404
36267
24679
3966
14171
46551
20723
8492
11266
46377
27455
18625
9148
2161
14182
44694
19740
49247
48169
7035
35783
30105
16628
13241
16344
5286
28850
17837
44680
10863
27960
21294
33640
31569
36151
15546
40960
13979
42127
5938
25372
3281
8354
1786
12699
28331
9991
11709
29689
27888
48401
29810
9822
38152
40344
21093
21110
45832
31887
28587
39936
44329
2803
26084
28126
13949
36763
43712
18223
298
33073
20718
9859
2935
22250
15861
2567
29318
29786
48527
13773
20402
18258
6809
13273
5362
6275
35448
10080
13007
7546
44853
46439
3791
43217
27246
3352
49327
37095
47979
30192
10513
2854
4961
22827
41050
42888
1847
32373
27670
35403
6912
22875
47346
16010
32174
44753
18584
28756
16204
43947
44077
8402
35564
30949
10788
41639
508
94
42600
14039
17108
45753
22988
19472
10027
44618
37204
15891
46310
12300
43977
9116
956
27786
3594
3456
39348
5248
39716
11725
39255
43456
23544
7498
47842
26033
17123
33322
27105
40564
44718
5853
8942
17717
30930
39314
18486
19691
39213
579
49045
23698
24362
13205
14466
43481
897
15431
42534
45989
35052
24992
24743
47508
48463
26454
11859
14214
7310
22930
28783
42025
25298
17147
21027
27561
30740
17651
13172
34585
14153
30561
36260
49786
27395
41391
42122
29282
31061
15500
4413
10484
37380
13203
20218
11402
29092
11954
2659
35437
40078
4841
36249
8141
41065
35303
29743
4933
15173
17500
31769
44258
22341
11774
4967
48536
35933
22243
24519
29236
17193
36318
2988
12722
21131
11414
8395
48890
33932
33358
31848
9801
8069
40476
41718
1792
46430
33416
35802
28810
11197
38716
5269
20697
27976
36083
12886
21438
20977
41046
37177
18181
24935
43397
48087
2119
10268
29544
49619
48379
40299
39324
39859
6995
26982
32552
14719
15832
37117
34689
45258
37443
12050
22042
2173
37108
36341
35535
30393
5273
14457
7262
26641
44425
11788
30329
9793
22062
32232
29627
15942
2128
9081
11115
1067
23606
32316
39343
26410
8301
25297
33537
3694
35933
24191
4189
42748
13779
34670
2171
16740
32148
20233
26623
3755
15317
3416
23612
36915
38171
24829
2761
19483
23395
11827
2540
26276
14542
39573
6071
12740
32384
11588
14339
19106
6199
38248
17073
9442
13321
25565
12297
42329
46548
1029
39034
1016
45416
24031
6150
37413
10177
9366
25047
29211
43607
5431
32984
48285
38700
31226
12904
9918
7424
41767
17313
28387
4991
41470
5097
748
30578
34284
35512
49090
43851
30180
28117
37107
28377
4784
19523
45653
30306
23135
6835
25629
43244
35740
26656
14402
32182
11380
30495
5332
25087
49730
5228
28084
33476
11572
42954
40822
22330
25580
5593
35664
48850
5502
39134
8308
10817
15409
35970
8013
28690
38351
3941
3450
49957
38758
18728
25836
48932
29784
34716
34181
9374
3185
7040
19962
32082
27673
35315
49567
38047
7205
38927
38118
32747
5596
2581
24284
36696
23881
48519
38311
31468
3220
45580
2593
17211
3767
31105
17054
32120
20333
19325
21346
31987
37773
46379
3854
43710
23246
17027
45046
20244
3574
11620
22676
43552
858
16152
20760
37299
39944
10619
45804
26327
23676
34894
23369
3153
35065
24682
35194
13575
16329
5056
35983
31541
20533
39546
1296
15002
2948
34164
42572
43087
25690
44747
29351
7957
33525
24967
2764
7702
2624
27952
19204
24337
3456
41746
13583
209
7597
44613
20067
6731
2628
48814
21155
34936
26200
4949
30670
6381
11061
43638
37143
36598
14423
47263
5212
43403
36441
44173
28552
6464
35636
39122
13045
48406
11012
48948
6828
41501
2012
35696
20399
4236
38145
30111
22375
32571
18433
43080
46121
40148
30826
9636
25131
29922
17262
4274
44953
35241
36836
26622
47528
7798
12770
38933
7090
48857
2597
14157
25294
37791
24028
30547
40455
32886
8847
43989
12402
21705
31086
3515
37573
43542
44972
21805
12524
46171
24607
19759
47692
36867
19039
35700
21410
47157
31561
17142
24481
8393
968
24575
47571
1860
38392
1506
30334
19604
1106
14805
43739
1488
7607
12847
25338
7475
40948
47495
49625
36548
12945
11058
27870
45562
32815
13244
30206
22515
46946
29191
39929
17809
34460
37536
37769
22593
22175
48121
25809
21142
44927
22896
11189
28720
40477
36453
2013
39207
33746
24925
8703
36246
14567
1415
45582
34310
16007
16416
41253
9244
19611
6842
23248
17687
38100
30902
25823
10516
28453
35570
42459
25449
34961
5290
9111
22083
18782
27798
22172
47711
10031
14818
41294
45814
27155
30258
14416
39103
10629
23063
22641
4102
17910
43363
42115
40623
24663
39341
42715
29231
28914
48461
28948
26351
4371
12921
44525
30294
29020
17953
39341
10180
30258
15352
18869
21516
3125
12579
31903
42642
23051
25220
3709
42415
34490
45222
11809
30066
1783
19598
27106
15303
11474
28559
44782
23083
26484
12076
42742
22141
48048
12870
24781
13810
41496
5785
12736
17752
16035
5422
48108
36924
23431
28308
45929
11363
12877
45550
39339
2256
45206
2677
19855
34052
35589
35306
44025
6953
19314
31747
31216
47855
21252
1069
49539
45740
15244
17199
30714
1254
19543
29863
32400
48208
33853
32088
27863
33263
32365
40489
28363
25193
11706
7995
29950
13181
29797
29667
19689
9050
1257
48816
12727
4324
24267
48866
1516
38059
12943
14915
10054
4572
23842
30935
9170
48284
48302
3488
37297
34357
29483
46919
18912
40710
41114
33848
31948
13331
23556
960
41279
25486
23049
29758
21005
29073
22724
35837
49803
48173
19094
37818
29907
27918
17839
9008
38551
34520
38153
28000
7264
20797
30951
17078
24081
36555
38442
10866
38011
45653
18098
40411
39220
6884
37115
9149
47661
38489
34728
18202
30228
7041
42464
19564
17260
16495
44998
12522
11858
2601
45876
26345
9233
10335
43411
4346
21741
22200
45113
21159
4650
19921
24591
37506
19635
38181
20780
41709
5772
13998
49788
15448
48379
32558
28498
33702
28816
13810
29150
39397
46242
1854
4681
26309
16787
17009
7861
45530
2807
40850
9461
30461
34269
13049
14713
19857
12199
10309
35845
28366
11567
22883
15458
45087
36831
11835
22826
33461
35924
12840
16759
35976
30261
39664
43169
20050
49868
48934
7655
4922
2142
31977
17572
32769
14622
47951
22535
15864
48357
15173
32453
25425
21972
10475
14431
7243
46848
796
28957
12264
9882
3395
19145
37638
15473
41882
25525
36170
3327
38893
47601
24228
8400
6651
15976
4778
46661
6634
7816
34297
39608
25095
6313
37366
24257
33365
19967
17366
37902
26684
1090
5702
6071
1352
17971
11166
5735
18708
29904
17458
1810
14621
30242
48103
23518
23402
21283
5799
49699
46179
37600
16684
36156
16788
9809
26766
8132
10797
43950
12188
20857
37693
34309
14241
31450
16657
487
1570
25528
23773
26175
33604
2768
18909
29814
32149
24539
47083
32269
7694
15571
12798
16443
16189
21823
28756
16467
14228
22956
10687
478
7004
12756
28895
22882
40785
2326
29806
18645
4071
29594
1713
45054
2788
22613
15182
13402
3107
1684
11458
48106
17079
16697
49177
21120
13118
9536
20662
12711
48638
37589
16606
32295
49583
15502
38701
39349
8569
40835
17708
26950
40537
21387
32118
26391
24824
14178
43904
12972
34516
25360
41383
26243
37143
49359
25471
16972
3726
10276
2300
13175
11044
5565
16620
5959
25425
39130
11005
28520
7709
31924
14621
21806
14281
46850
28981
25851
2988
23724
20868
14791
41568
33021
5328
40041
35550
41470
44401
12742
38420
41997
41128
33105
42045
39290
9256
23039
33027
15965
2285
36062
25292
26450
11857
45781
9709
2395
16327
16736
17806
39668
28882
29528
31847
21556
17885
21837
31743
5157
23199
20440
33283
18401
33
14117
6012
16185
28144
50
40302
25369
43774
30783
13709
554
9569
19975
26736
19208
32740
48031
42718
47449
22581
26552
17832
28720
35410
42977
20130
27234
49666
26094
14999
5293
43030
20840
22410
43830
17805
41019
48224
43395
34774
9325
46735
24982
4113
5111
13248
35171
12069
23157
35111
35701
22411
45701
28902
11524
38870
49480
9479
1300
41663
26132
22085
16395
41411
44123
40365
37877
10070
39404
11194
29615
45262
27535
12850
20457
24288
30111
49325
12299
49419
8356
2212
15993
45130
6244
8511
36037
25795
44264
15201
24318
13716
11869
25731
42728
47812
34728
27125
40946
26081
15219
35853
48446
9234
27057
3711
19814
39347
13222
39127
5582
3956
33007
15761
16245
13904
36926
34248
40761
20265
45207
30624
38016
31060
15397
20746
2258
17544
7375
19960
35091
28918
8113
22826
14875
30525
16200
43062
39577
36087
10198
21525
41169
49755
4751
32356
41937
11307
29805
2881
22019
31381
16363
41571
4981
27206
389
32913
46513
30837
31674
28165
42061
47585
33289
2881
40657
43197
38616
46994
41300
14512
15656
35201
38546
36889
6937
41353
23776
32121
48154
8483
2508
6379
4819
23125
2963
45122
1523
29448
30063
2743
13632
12302
29922
29254
35944
37238
18725
23776
13281
35243
16159
32373
7480
45097
21832
40960
18312
2452
23569
12039
42176
38732
42077
33239
37913
15883
36877
22761
21597
42669
20967
363
40623
19944
44678
25644
11748
28313
48482
1660
18648
33435
45490
35292
37985
4124
46308
15445
4409
31040
15940
6154
28383
40912
21053
23111
9085
8824
45612
14992
20873
23371
3888
17924
43537
1843
40839
4468
16264
24370
24877
41591
38534
46582
1601
48540
35157
32629
13044
6930
40768
19008
38864
3977
26771
23072
16808
46451
3885
44252
4156
9872
17315
4208
33769
45376
2196
18629
11419
45013
16999
28228
5586
897
5378
43718
1107
44819
19823
36318
25351
1912
8888
1144
46651
7027
14870
11081
45466
45783
31619
12343
22694
48340
29052
19379
9789
28859
1954
26908
39247
2397
10987
16893
2576
44973
17998
29771
4953
20499
10518
18534
14152
43915
19779
49583
47719
46141
9791
31269
40459
38361
26956
21984
11241
44639
44740
37529
2062
7666
29347
13300
17925
45337
8417
28017
24164
21560
34366
18990
11363
34039
7082
47994
47759
5580
3864
43636
45852
25176
7555
5338
26006
39046
773
607
45467
33555
28738
44547
26231
49481
29551
31280
31305
49813
11585
4099
8466
29453
31455
6223
22063
26277
18331
24086
30781
17236
12486
21888
32226
7612
22799
41062
44458
2906
20548
10720
43824
24784
8395
22579
30403
46143
49676
5152
45195
42847
6687
43910
938
42801
33703
41917
11042
16710
46091
27416
1235
40884
44337
2258
4322
35962
19778
38470
31764
31617
3808
8227
45877
14943
32350
42744
12967
3434
39656
34635
21399
38352
24345
7448
32902
23452
31962
18785
30381
34838
12281
8323
39178
33641
4725
31133
32410
17473
43741
45003
36183
29386
27314
34444
39143
25880
14135
40259
33568
15830
40005
18766
23777
7125
36374
5738
40980
28262
24255
49402
21823
20080
2965
26631
30962
194
46140
44082
49724
6437
29808
13369
29752
22680
49300
37122
20129
24025
16988
26667
17759
37468
16542
14430
13651
48489
1076
27145
31099
11885
47021
44860
25006
10980
38459
13385
44995
34725
27873
8822
23205
12398
22811
47759
35375
49679
25068
33737
27281
29866
20789
24877
8004
45474
5390
31207
17
19498
1169
34740
13205
13902
24967
10953
45648
2982
4007
33820
49325
8245
44122
36155
18121
37961
34242
22965
3063
19930
17605
45205
11328
18044
6793
24313
22164
22904
45360
42832
2502
42373
34462
30980
16750
38230
41204
39012
12985
14670
3301
35108
31138
12392
27556
40197
40085
49901
10171
38665
49619
37321
35579
34674
44537
1185
7475
12059
17932
3239
9985
46590
26546
39704
13158
6231
4496
10486
22802
7896
23756
33205
15180
42138
41070
1838
41573
13349
33723
36275
26653
49797
46455
29468
33361
26309
3569
7545
41187
17724
34953
5723
17346
11710
20513
24502
22280
28018
33080
7420
10422
49799
6262
11821
30575
28473
26648
29368
31001
16547
16149
33028
12127
28919
14461
24414
37401
13183
34834
48790
35333
31105
13097
37618
39562
28892
38629
24390
37762
34310
11896
11108
28550
31441
16752
12504
45819
11962
29924
769
5109
18292
26697
20612
37681
34439
4206
13546
5855
24956
7267
18800
40737
46362
4398
14927
46453
29657
15647
27657
26045
23937
45953
41611
21648
11864
49481
20942
42620
38294
21048
4372
29044
48939
44446
23092
21538
7640
8783
4412
7156
17648
26380
15592
4742
19395
18572
33020
42478
22805
31352
10264
46923
21230
16435
37790
16466
39002
16326
256
17992
29628
6648
44424
27396
46349
26221
667
30181
28775
16201
10767
8432
43402
30352
44279
38695
21936
21787
35534
41044
27292
5979
683
4926
11213
12239
13392
47094
16479
32633
40410
33837
44565
43327
45918
13179
828
31561
47873
1101
45558
41216
42124
49874
32758
43184
36750
47364
21641
39212
17187
32089
3048
25873
39508
13527
8602
29019
28298
46575
45358
19442
15580
3711
3190
19573
26022
38534
11625
35189
5413
29211
13924
22291
33721
5555
46301
300
38575
13356
5691
43818
47237
33836
47380
26666
17311
4698
37756
39413
27634
43836
20135
2354
38220
8822
6455
39589
47593
41063
38496
46640
1058
47253
40975
22421
19598
6782
32418
1413
29633
6243
47399
42558
14084
41020
19128
30104
29631
1288
16658
7361
16239
31415
42271
33149
7288
4408
40838
48943
48892
28879
22252
9973
40373
27284
7216
28076
29092
28516
7642
28423
8776
3101
42933
39211
37298
33890
19820
14971
47446
8149
24208
23620
11606
4475
25182
34675
32959
22359
44345
15332
5364
30477
30157
35073
13731
26154
23958
8404
20037
35125
6895
48006
21804
37958
3827
46783
27409
7078
14352
21469
21768
16085
49176
38565
21582
31234
49751
18462
42704
34428
23774
10749
37827
20530
3309
1620
9530
44661
40218
39559
8794
35994
48920
15406
47086
2059
3618
47792
25904
29449
22488
26917
22898
30944
28868
39582
3729
40472
28318
19222
3252
1060
20535
2994
5939
916
36292
27630
40516
11501
28391
42490
19968
13269
32222
26739
1083
23026
39880
43500
3589
23818
13679
17682
27639
9144
49229
42759
33451
24447
25573
2082
11121
4217
30926
11377
18259
3452
48187
28707
6102
7495
38606
12445
26571
23268
2575
35289
1513
38446
20575
7424
39170
43638
32305
29224
34751
15127
28286
18556
39984
25913
37934
5870
28838
26445
31373
31345
7390
41461
39060
47232
17778
7202
32873
35343
9866
16822
27657
6729
3635
7953
18985
25613
45589
26967
23034
25999
17757
44862
20606
45581
24552
42721
40
6975
49313
46910
45317
24335
31311
23459
21818
42460
24350
18223
30494
12874
16045
22676
10257
18113
7970
30331
2993
29580
30786
600
46191
2663
49604
38274
15701
24946
49576
44137
32702
32033
13315
40090
4464
42524
37609
18867
22535
7988
13051
37885
6676
43638
49616
10429
44782
22407
7124
8730
26528
13819
48801
38082
3871
41113
8277
14103
43663
35513
3659
11135
2002
47595
38097
11621
18685
45415
29477
25240
42345
42695
10461
17214
16206
43834
37004
26127
26165
397
44465
3871
31551
45968
32123
887
12437
6875
20246
13910
21525
24153
7830
38408
18818
12423
8722
36812
7295
44928
38226
41727
45207
22475
49738
42285
26733
33583
46050
30801
35056
4721
5508
16188
2625
4160
48364
20670
12376
47087
12500
15313
6855
9263
40144
13565
3722
9959
11345
26729
34754
15707
8167
30244
10441
39231
40844
43065
10104
39397
46956
25458
48819
24282
16925
38969
11802
41016
13785
44500
24540
7649
21587
13960
18687
42699
15361
28233
1889
46638
1578
39506
44952
13754
16779
39274
23929
23667
36860
33446
33700
29288
24903
48206
49019
31197
32493
3200
12919
31230
38544
24355
40530
42360
8041
1323
35880
42395
3166
42945
36786
27165
15839
12862
43546
10265
28491
46198
21288
41742
33118
30943
3458
43817
34116
45047
37696
48114
36259
47626
5997
25596
28806
16394
9490
34830
18237
38855
39413
25970
37675
37143
7477
48826
33761
2434
15045
36989
19915
28232
49514
35516
13433
35204
29251
9789
28033
9599
43748
34262
6028
19928
21242
25823
9960
7497
12221
25180
8016
3558
15104
11823
29294
9758
43882
19577
33592
16904
11360
27617
45103
1898
27394
17468
7916
39379
42979
29679
25662
39074
38096
29085
44086
23298
23173
25398
34306
29195
31710
49495
40336
23494
14071
38233
30631
11708
9888
41971
15657
16365
18710
49451
39265
25121
7382
21987
35120
39698
1826
17516
35900
36808
45353
47593
15049
44129
17322
44634
8858
47850
34397
47900
18105
18739
3416
32936
41999
8779
40997
33644
25204
7456
32182
38538
39091
16832
26660
17762
22755
5517
47392
43490
37219
20430
4682
315
13718
48525
14283
8364
41593
15619
21233
38563
11235
34451
48052
24100
30546
26414
19217
853
36929
31562
45853
45275
41555
20015
33053
30528
5327
19949
10635
25017
1489
3178
39942
1141
20888
36502
5933
11418
34443
1891
39483
23126
31663
33604
39147
25187
9185
1487
2700
48572
48468
9354
30360
5863
9109
32260
45916
39507
10960
38399
12056
43532
21011
18075
13051
16791
22167
44815
22381
6559
30913
7892
20735
18670
13223
31826
23915
34619
2554
36186
32
33038
22770
29420
32441
22057
23968
28744
39702
24615
31536
47466
24704
20533
48863
1442
26013
30774
30717
1089
47909
33387
14653
22374
23232
47702
16064
34494
49027
35918
2569
5696
28047
31651
5441
39026
25720
9348
34576
40942
25283
27764
5422
31128
32439
42753
42456
16055
49767
19156
44232
46760
20842
13305
11652
23254
44026
14282
48715
20158
21366
15853
34414
4163
41918
38334
24976
22559
49450
26844
18165
33145
33753
37321
13303
14930
37182
24205
10806
33664
48512
30217
21839
3927
12595
35463
7185
34156
11044
22162
8313
15588
16402
33060
38716
41267
28555
42232
949
28913
49532
45786
42905
48519
41595
20674
47220
441
42252
46118
44814
752
37236
39741
25018
18416
23655
15153
30185
26895
36385
28069
2269
40580
23105
48275
4567
14308
38274
23288
41492
42954
3259
46568
45139
46569
18521
150
35301
37304
47485
27366
34274
29631
28340
3786
18852
23352
49156
36784
21569
15061
21920
34812
44496
4976
43893
28447
4923
23449
1007
9947
6148
46326
46340
13978
3003
46342
26273
2626
9895
29169
222
6799
48674
33408
27440
29660
40508
24736
27355
22515
10386
7350
46336
8917
28877
21228
31104
28436
9449
32701
3142
20735
23993
31933
14484
34349
5940
31239
13512
23719
21809
20808
15500
22043
44128
12875
16096
5018
28034
28744
8734
41854
27108
8392
48072
17888
45290
29802
17912
4018
36949
8076
45727
31783
23940
31167
6417
7939
19600
36153
2051
1851
30949
45725
21305
17226
40508
40472
49702
28139
13190
30428
23991
47935
48169
46335
25894
5804
32488
49698
2757
12067
41642
30247
6906
44201
37317
41608
1884
39818
10430
13242
11779
39891
43053
44338
3829
33343
2302
25968
28495
46325
10798
44131
2452
10147
18034
13906
22582
21535
19317
32238
28225
42037
1806
12015
35695
47614
19026
7882
4290
32173
9247
16205
10940
486
22832
29855
23577
34981
35466
22818
14534
32701
6127
21906
49972
13829
21702
40447
35840
49105
23995
16550
7051
21838
16685
16855
3229
548
44161
5169
41503
48724
47303
33395
5101
2154
23408
44931
42097
29265
31616
33251
21806
10511
24988
37046
7072
13754
28355
16823
38915
33258
4542
24522
2158
24186
21775
48271
41711
36767
43426
30084
34915
17776
21747
12853
17459
42271
28351
2221
19551
7350
42013
49807
18295
19019
48681
19440
26144
23846
46043
24700
39059
20975
23654
44668
27221
14372
21935
44456
4651
24673
10808
34616
26659
49960
16551
42549
18448
14441
17429
39091
32501
25971
44660
32827
38368
14126
11634
48614
16102
10695
36913
12298
35077
38612
1935
11839
27871
15494
17308
36328
18008
6848
29836
49414
31483
18013
23052
33176
46698
35715
37535
23256
26354
10510
25233
44588
40135
7380
20495
18801
9315
37110
43459
10716
39326
37160
15376
46066
20628
27901
39668
27883
26016
5462
1916
1155
13788
15061
12768
25334
42068
11832
34548
8758
27405
44917
27702
25786
36932
32288
49537
22314
25754
42464
45530
27531
3018
749
17380
17047
28462
6521
34753
3743
40720
14220
7035
16050
22305
7926
39598
36459
4048
42093
23358
9861
46950
40580
31575
8468
6766
19242
40501
27329
36046
43287
8164
3367
31542
20064
35849
41150
20894
48772
12447
37787
43579
36984
22952
13230
3146
18943
20928
28969
18635
5865
18820
25319
1394
14417
29664
38304
32278
31736
2139
34580
32343
437
44169
29742
46705
31205
27814
7271
8129
7392
12134
26804
23802
28925
155
41676
21512
2800
21498
40522
43568
21705
18697
33735
13821
9722
21845
39717
2691
27205
37610
31661
37478
29922
19730
39474
43209
37468
15520
2216
21702
3215
46516
8217
48534
4547
1690
43216
13944
18891
36389
318
25848
5127
13508
39293
12372
23057
9344
27562
12252
49348
15194
49644
25151
27117
5570
5182
41021
42350
26850
41522
46989
85
43588
15622
30389
41858
12585
19691
19443
11482
6572
16095
30809
31983
12166
41787
36682
3675
12445
27634
24881
28063
3023
17304
29409
17608
44532
737
31982
32500
31024
12614
1820
26533
17076
46029
22613
19392
43928
38958
1744
32199
30360
1385
3478
20682
4132
44235
7116
15386
37684
17147
14086
41698
20543
30447
43933
5444
30719
40001
3128
21877
44620
4192
43538
25557
28647
4282
42414
6794
39535
1479
36647
27737
40445
26651
21286
13644
21363
47569
9470
11366
8884
34645
49908
26280
21010
46464
21239
17218
12454
39132
20233
28854
29668
13957
18995
11785
34974
15584
28320
47844
34688
16953
37306
48665
43819
26683
49265
46754
49557
29718
2073
18217
34889
16276
4736
26873
43897
30181
38272
37144
16386
9365
8272
48545
46084
9575
49363
16338
49969
19433
35281
20457
36647
114
27569
34074
24089
6289
10002
22297
45605
35175
11756
22346
13513
44081
1923
3328
7938
37722
35331
25183
22040
49956
12302
657
21756
38170
45093
9277
38676
47638
47829
35911
17848
7392
13883
4524
46073
21424
35866
9253
35138
25547
22411
2812
32802
45084
20497
44132
34689
49494
18179
21936
4290
18420
47854
36372
31184
31657
45101
29951
32728
3947
40568
24650
17058
39528
41452
6407
33399
45848
6212
31098
49285
13987
12029
46290
31917
35374
16073
1677
39332
36960
49465
47215
16693
7315
29571
17578
48169
41404
23284
27927
21069
30948
6720
18734
43626
30854
45754
25240
1573
2582
43447
3359
7513
30825
22721
11697
45520
4371
4249
12216
44577
25345
13963
35373
11935
48316
35128
24286
16651
21944
35264
38413
15438
25406
30803
43229
13103
32128
28716
20561
47045
21309
3660
22458
37491
35867
32417
20541
1377
48322
33597
13834
16016
33734
46502
23894
20133
6862
20807
15218
3000
36595
16477
11875
41115
7866
5970
35085
8322
13038
2638
39349
28976
33990
10135
35148
3839
8685
12761
46930
1470
30164
14765
19317
26986
14296
43323
2160
28075
23262
6365
43203
5856
19546
20483
48350
22639
9863
18873
27326
36685
44452
19379
1056
22959
26203
31432
24198
36678
39802
8865
39709
23341
12004
28544
49824
4469
42303
6323
24082
25891
11395
10539
36505
14426
3461
1212
1939
30970
2635
5795
23523
38498
1351
4513
34551
28067
23502
4517
45883
43494
31845
38265
20838
47521
17176
24062
27679
35310
14871
44116
20295
44058
33654
30262
22183
30718
5712
22638
30398
39436
43424
2898
8817
18089
44488
28915
23902
22467
13304
37495
27349
16583
5800
45754
3119
22195
31928
25747
45933
49261
34502
6009
27414
25867
23896
42900
45175
7247
7767
29395
35123
20929
10092
41141
29982
27014
33350
42731
31640
11718
48591
39380
27537
40812
20437
46587
17165
44364
36672
36804
47070
49560
10950
35558
27474
15790
39835
45806
29419
5062
40001
40612
2623
3872
39510
32134
49257
15828
47635
23386
31876
3284
33948
40061
46215
40583
3235
12786
10899
41038
42859
1466
15687
43722
24475
8072
10815
3527
2825
26303
14490
20456
35237
12090
36382
16243
30861
25227
10830
37924
19829
48754
7104
16300
46605
7517
32768
16480
38076
4205
28511
33926
20023
27558
46290
11266
30829
27081
2350
41360
18112
44574
24680
12811
12134
1506
43416
44767
3745
11958
26856
38969
30517
11998
11238
40954
19622
30811
26077
11532
44240
12899
38538
40344
45463
47648
38897
29066
21242
40941
14486
2359
21856
7584
16797
29881
36900
34951
28223
25773
46759
21932
3763
41998
49959
24345
562
20348
3673
8762
37766
17175
2576
25665
44598
44843
16475
92
22933
19821
7115
42837
625
23526
15025
12304
13602
38457
18054
16899
14820
4404
14507
33061
17884
40488
10445
45733
6488
44738
11182
42762
19746
12010
38955
42452
5872
7042
45826
9273
35542
31563
6530
30288
41721
12173
1673
23580
42560
32253
49702
41511
42168
25503
28876
39233
44157
38116
14275
34215
3848
15082
28454
42698
15518
40262
42121
30988
39194
49779
43192
1736
24997
7280
2271
31062
39811
37239
13064
24493
7037
24957
11275
27165
45110
19453
21330
42933
27771
32682
22535
49809
33785
42353
545
37000
8569
19850
38816
42644
11735
10074
16017
28919
38308
48366
34647
19407
11602
47651
46808
27966
29814
7740
22169
28924
11866
36688
36897
14907
22670
32909
23110
46318
25365
39563
7547
25602
44944
43337
12891
4919
18474
7601
23344
8777
7347
11809
39232
38072
22031
11814
21630
7666
18439
14290
26256
17832
46243
33561
41948
2170
12413
17227
15667
18601
5814
29357
43405
4042
35889
8504
25306
32585
9855
25983
16086
33596
6370
44783
9812
4254
48702
44750
20541
19943
23094
31130
1502
17946
24439
39875
43679
46658
18083
44629
36493
23995
22259
37912
12743
49639
4886
8812
24919
44224
41453
7391
2635
917
36831
15790
9444
24530
11868
2166
49661
12081
33312
42058
26035
27197
2322
35184
591
28836
8754
34096
36501
18809
2099
40599
23822
23457
41347
46058
43145
34635
36601
10963
31735
29828
31432
3403
19525
43723
49089
49358
45030
31168
6598
4059
22544
38580
20509
19549
4264
11322
11807
13104
22482
46562
48272
4571
22926
33310
15721
33760
23021
13244
5054
23927
693
20579
41837
45358
3969
49546
19268
14074
19488
39489
43302
44550
12312
2586
20540
10067
31934
38290
30008
31512
45137
33881
13568
39498
17450
39153
40635
32303
5538
566
20381
3552
26630
36771
35021
11260
48596
14378
23732
6786
39512
27338
9406
29489
8185
13358
38640
41450
37360
14693
30832
7313
30150
34962
49224
31421
41434
47147
37057
7817
39765
44887
10823
1595
37705
46854
30705
32410
8235
9832
14096
38722
19759
8946
25743
10235
29981
11674
43568
39182
9298
24242
36138
28169
6034
27279
2769
32584
2406
38681
36907
47244
31066
3394
5677
46175
29553
38203
27208
45671
2425
1036
17190
37129
30540
25429
48749
4042
38620
6281
25462
33926
27863
20826
38319
11423
1629
38856
30555
13146
7855
17869
36462
49309
46086
29695
23913
43361
49101
24507
21593
27449
32639
24315
39340
31670
26205
41466
24041
3327
23512
24835
32979
17705
35297
11875
22175
19882
13767
20398
2132
32694
9214
24817
40434
35483
15437
23647
39557
11751
46816
8741
1213
44901
7716
17992
48336
34865
26874
5379
1725
32371
48051
13004
16816
5142
28028
32172
27062
39277
11595
5366
3317
37440
48885
3564
43034
36857
47359
16324
39293
7998
48893
5434
7182
34480
7796
16387
28353
46874
7254
9342
34128
22185
48380
30169
8735
39655
9932
49005
1993
31705
450
28731
40690
19804
38571
15581
46506
21220
34873
1303
32414
24722
36121
22730
8627
37086
45868
33114
25339
34104
49423
23616
49070
26405
30652
26282
44168
4737
20091
18370
20176
30532
19208
19867
41612
47283
3437
1552
43246
8814
37716
30908
27423
35749
7656
27157
38248
965
5039
11816
45170
45972
45296
43691
15151
22368
10959
2551
16125
26972
4745
28905
26933
31492
31184
37100
32239
47319
27788
12112
38592
15527
4561
32154
20559
24358
2475
40564
26904
21010
43592
25763
49681
15094
30045
5056
19776
39412
40970
16046
13075
13936
4143
26686
40650
28442
41098
17836
1485
17845
43181
13469
47811
37954
9421
14255
27580
38648
32360
23985
31466
42615
44974
27901
11850
42411
8808
14079
28609
25542
29433
38352
34945
30651
24005
14959
6288
48506
8791
32112
12157
219
31856
38585
29541
28672
12344
42634
24275
39504
8742
20267
5305
5128
19587
10374
8251
39169
17570
46521
48153
48741
49383
28349
2683
10905
20855
47508
12549
19093
19809
35742
8656
38454
48168
39828
4029
14422
47083
31097
13225
9697
48069
26214
46069
23247
7881
20875
24880
7015
10310
25965
49558
29234
804
25007
33132
40129
35776
43790
25406
282
38956
20485
38859
27436
26587
13792
31241
275
20267
36698
33302
18372
21058
24519
28673
4838
8670
41692
6651
18552
6914
42245
22159
49998
46213
28750
17088
3956
32448
14686
43862
39494
3681
32992
31125
16615
47068
11598
16354
7120
333
47189
28420
20078
24060
40983
12375
16274
32152
48968
3235
45617
18385
33827
48845
41834
28299
25211
12648
27515
46393
22819
19887
21334
31256
38610
20528
30308
46587
40549
2724
48329
11572
16942
45200
46385
16696
48740
3279
44805
4745
4860
8595
31607
31802
33584
10157
32875
13675
41153
35351
3815
32114
37513
23999
6711
31792
9326
22795
29667
35877
21467
5035
9953
14735
45462
30311
1232
35822
44573
37726
21256
1816
36310
4268
34940
49155
8307
14407
42855
48475
6598
46614
46871
27825
16883
594
26725
8422
10784
20267
34856
11288
30987
6523
3078
25743
41580
17328
9477
2365
44615
4103
36538
32241
13734
35722
2746
40170
18018
19338
12029
13491
21499
29351
49914
31895
1585
13543
39249
3745
40054
23172
45299
15479
32532
36789
16521
14566
16423
38840
48971
34280
23363
38727
12105
38067
5687
2076
49714
41582
9427
20207
7835
25133
6244
18297
11947
36268
5900
27329
33866
36637
25260
2522
20130
43220
32656
49875
5512
48598
29072
18501
42235
8779
11468
23974
23810
38577
14275
29882
20368
14002
5779
12390
36415
28541
19491
23898
19370
12001
26871
48649
26095
21508
6760
31306
318
36437
12247
23335
3062
26823
17401
28717
18856
44488
19832
10481
43523
33077
22744
23088
2267
42045
34048
40633
8488
13112
30033
18335
28967
21988
17783
17362
32986
15125
25984
31337
20794
33952
111
30976
48157
4241
8193
14482
17296
36067
29895
30960
23532
8690
33383
256
43872
8029
21936
49413
10063
33977
35796
4487
36769
1783
48872
496
31599
22502
33038
34774
37657
43465
21418
29178
43038
44308
46450
29645
17012
38565
46414
25323
12508
12247
42049
4737
9533
9954
8787
49742
47718
9112
3871
20432
44056
25028
36609
26003
45643
39940
1952
14087
48572
49060
21525
4094
7081
35045
29565
12731
47192
24431
36645
10598
7876
28213
28573
2141
1908
39256
23134
21091
38111
22375
40674
43907
49647
6162
13398
19577
24613
14539
17892
34126
48449
30315
8256
19632
23588
39535
38303
4989
32202
13672
15003
35565
18505
44101
14598
44341
2343
42216
27358
25550
49667
8589
6546
18482
12731
45148
28636
1421
38280
13249
22031
49220
8128
7362
13168
25312
49164
33507
8831
1599
10448
6454
27940
33383
31850
41106
3305
30372
5269
12369
45969
47508
34284
41347
871
40307
48381
36088
816
25461
29675
39210
31571
11773
2130
3941
13868
5305
26611
47505
24966
48297
19747
38854
37498
12121
24394
32847
23763
4073
39748
15555
27000
15774
28222
43271
34242
12361
7422
7231
13765
45529
17437
17229
4632
33292
28612
19397
32720
30945
7213
29140
48273
44572
49720
37863
14665
30509
22326
9120
36969
28405
42456
36369
47633
31013
36618
8591
31750
10295
31556
15282
1139
40984
36447
49926
22879
19727
15608
46294
3006
14031
2117
6727
24770
45474
40491
22927
45218
4163
26749
44764
26309
36947
17799
4070
32729
25629
20169
27956
26504
8354
266
14720
4855
32101
20421
13242
12629
32622
16249
36350
24256
33792
17530
13413
16697
46579
25001
13144
21980
31049
5103
26332
13518
18437
32472
49461
44192
11948
42050
12803
37487
37103
35968
44191
31366
48501
17399
8804
20898
38391
23283
41792
6266
14650
19007
8482
33275
7997
8033
1209
49546
629
20529
37471
25048
31691
20562
28459
30046
46866
37200
1733
14244
18242
27538
28326
42491
37348
36601
46044
19320
19606
49175
22039
7655
27641
1936
36752
10951
41319
25059
36196
24818
41403
47641
35520
41344
390
16675
16008
724
11402
12042
2638
6300
399
38689
29623
20677
27787
17551
4602
19400
47799
19100
25807
40730
45834
48529
1152
5416
45196
37787
43304
27837
20191
12437
16612
6136
5229
35808
33690
22499
5676
35764
21067
5812
46436
45331
32767
11407
35144
8187
36049
16655
21488
46526
38533
7082
40421
34626
43583
42705
41076
20134
25839
34197
2173
49428
38985
18616
18734
41874
44501
43500
26841
30056
16910
1146
17533
3568
5612
41067
11780
45046
12917
15281
26307
23874
5229
32473
20177
18767
29378
9699
37367
40506
46744
37769
32869
2104
41213
12247
7648
22535
7902
34691
31617
35577
37734
1502
2362
30686
25578
1336
23896
28625
43645
5102
46569
46781
31443
27099
22216
48098
9226
43075
17153
47287
43384
29006
30904
27808
48431
13255
24773
35698
14828
19824
5172
31097
7050
24649
10059
19988
49744
29241
1591
17806
44418
36057
31932
246
37266
6899
49314
27370
18696
37466
27744
4853
8071
49550
46283
5551
34087
26159
24793
39941
43588
33145
48621
49573
22205
16317
24286
11187
23743
6940
28675
42872
4551
27961
22882
7152
2240
44451
14917
13317
14837
12694
33173
6190
34835
46031
9274
38649
5891
44770
6758
35978
15937
23508
4862
22483
21021
29496
1886
9482
14137
30557
12142
40795
31130
38409
14342
6701
16501
1142
8115
46565
10983
6580
19527
41423
36165
23566
4379
16681
47280
30630
49723
21859
16603
22406
47630
15709
11268
27986
25216
15579
12609
45566
41386
29296
27633
18144
7891
11214
36642
37880
33319
41924
44408
6644
9027
10973
24955
1638
18927
25476
26697
4137
35678
26211
6604
8421
12101
12874
22065
7270
45892
24586
14647
7612
30276
15978
25182
22379
42494
42833
37196
8116
46498
45987
6003
30780
14145
47809
444
19689
46569
3628
42171
22289
45413
25422
40431
26003
37694
37022
44721
19418
13015
19862
42420
274
39392
33444
7379
19182
43669
18807
4043
35794
35294
20120
46407
34023
30264
33328
49368
45090
15364
33234
30515
36131
11882
48454
13205
10259
6632
39957
9316
41936
44980
48545
38956
47482
17298
9486
24987
40007
10734
46462
42
32008
16931
20573
6956
30285
44982
3131
13886
24425
36772
27157
41626
14604
29505
39002
31902
42662
44706
29932
16702
7026
22997
21820
43722
27482
35790
43049
30789
1700
113
36967
8783
43398
45983
27366
17479
40183
32748
13438
32131
20141
474
20717
44412
32110
47556
5286
39964
23389
44401
49979
20058
38589
41985
7477
49091
7022
30378
21670
40486
26035
42521
28787
34566
15833
19744
46902
5113
17641
22550
43192
14725
40525
32653
26911
10604
41677
312
17582
22363
17162
39607
44601
11864
26273
35363
6804
47814
509
31536
31896
37164
34936
46598
36317
43291
6857
24255
33561
30580
5787
11540
3588
1336
25251
6526
48245
20594
2241
46854
32796
34254
29529
13297
7913
40227
40225
38036
373
35792
33396
38401
14377
6033
19840
36429
5014
9587
16614
322
44599
38670
21620
41101
7714
39377
833
17342
49913
40789
21313
31667
7177
36690
9845
23817
36130
33818
23304
40272
15363
1638
16717
5621
44929
38300
22912
5305
8707
35652
30325
34213
1258
2185
12554
39057
9403
12969
15071
35207
42781
35764
18787
34669
15851
26121
34687
42901
904
19974
10198
5365
4363
48139
22672
6666
687
5734
6237
20385
16209
28518
39850
1329
45962
10886
9771
27514
32999
17432
989
36199
46911
5119
15717
38834
37119
27353
24376
30335
45019
31208
14398
35588
9532
28128
27743
10289
35212
47961
15845
32978
43701
33043
23615
31353
22727
33720
49219
34062
12743
46831
3770
4901
45705
12567
37834
17066
27580
30288
20739
12919
11738
17671
18688
48758
14820
14427
467
46234
2503
19840
24116
43953
49821
49919
24799
23191
27063
9035
45824
11199
45455
4684
49982
1423
23778
25913
40852
10052
10984
7137
46955
6484
15679
22444
36676
45657
10161
18215
26951
21314
32544
32391
29821
17343
22922
39208
15515
47366
35480
45270
6566
22910
40052
46888
46810
23235
28447
5653
19680
46761
48342
32997
39268
43232
45175
8565
44853
18880
40519
38280
17230
21528
9980
46381
23741
19284
24841
22700
48629
19426
31092
42240
5337
16079
27160
18022
33162
45311
38360
11881
37250
32539
12160
